HostName TimeStamp   CPU %user %nice %system %iowait %steal %idle
bigdata-proj-m 1547542358   all 38.19 0.00 8.29 0.00 0.00 53.52
bigdata-proj-m 1547542358   0 27.00 0.00 8.00 0.00 0.00 65.00
bigdata-proj-m 1547542358   1 34.31 0.00 4.90 0.98 0.00 59.80
bigdata-proj-m 1547542358   2 32.99 0.00 3.09 0.00 0.00 63.92
bigdata-proj-m 1547542358   3 59.79 0.00 14.43 0.00 0.00 25.77
HostName TimeStamp   CPU %user %nice %system %iowait %steal %idle
bigdata-proj-m 1547542359   all 54.59 0.00 3.47 0.00 0.00 41.94
bigdata-proj-m 1547542359   0 27.18 0.00 5.83 0.00 0.00 66.99
bigdata-proj-m 1547542359   1 53.54 0.00 1.01 0.00 0.00 45.45
bigdata-proj-m 1547542359   2 66.67 0.00 2.02 0.00 0.00 31.31
bigdata-proj-m 1547542359   3 70.87 0.00 4.85 0.00 0.00 24.27
HostName TimeStamp   CPU %user %nice %system %iowait %steal %idle
bigdata-proj-m 1547542360   all 58.85 0.00 4.49 0.00 0.00 36.66
bigdata-proj-m 1547542360   0 50.51 0.00 4.04 0.00 0.00 45.45
bigdata-proj-m 1547542360   1 78.22 0.00 5.94 0.00 0.00 15.84
bigdata-proj-m 1547542360   2 53.47 0.00 6.93 0.00 0.00 39.60
bigdata-proj-m 1547542360   3 52.48 0.00 2.97 0.00 0.00 44.55
HostName TimeStamp   CPU %user %nice %system %iowait %steal %idle
bigdata-proj-m 1547542361   all 52.25 0.00 4.50 0.00 0.00 43.25
bigdata-proj-m 1547542361   0 34.34 0.00 4.04 0.00 0.00 61.62
bigdata-proj-m 1547542361   1 65.00 0.00 1.00 0.00 0.00 34.00
bigdata-proj-m 1547542361   2 83.84 0.00 7.07 0.00 0.00 9.09
bigdata-proj-m 1547542361   3 27.00 0.00 3.00 0.00 0.00 70.00
HostName TimeStamp   CPU %user %nice %system %iowait %steal %idle
bigdata-proj-m 1547542362   all 36.87 0.00 2.02 0.00 0.00 61.11
bigdata-proj-m 1547542362   0 14.29 0.00 3.06 0.00 0.00 82.65
bigdata-proj-m 1547542362   1 95.10 0.00 2.94 0.00 0.00 1.96
bigdata-proj-m 1547542362   2 17.35 0.00 3.06 0.00 0.00 79.59
bigdata-proj-m 1547542362   3 18.18 0.00 1.01 0.00 0.00 80.81
HostName TimeStamp   CPU %user %nice %system %iowait %steal %idle
bigdata-proj-m 1547542363   all 42.96 0.00 7.04 0.25 0.00 49.75
bigdata-proj-m 1547542363   0 32.65 0.00 2.04 0.00 0.00 65.31
bigdata-proj-m 1547542363   1 73.00 0.00 7.00 0.00 0.00 20.00
bigdata-proj-m 1547542363   2 30.00 0.00 13.00 0.00 0.00 57.00
bigdata-proj-m 1547542363   3 36.00 0.00 6.00 0.00 0.00 58.00
HostName TimeStamp   CPU %user %nice %system %iowait %steal %idle
bigdata-proj-m 1547542364   all 8.52 0.00 2.51 0.25 0.00 88.72
bigdata-proj-m 1547542364   0 8.00 0.00 3.00 0.00 0.00 89.00
bigdata-proj-m 1547542364   1 9.00 0.00 4.00 0.00 0.00 87.00
bigdata-proj-m 1547542364   2 11.00 0.00 4.00 0.00 0.00 85.00
bigdata-proj-m 1547542364   3 6.12 0.00 0.00 0.00 0.00 93.88
HostName TimeStamp   CPU %user %nice %system %iowait %steal %idle
bigdata-proj-m 1547542365   all 1.01 0.00 1.26 0.00 0.00 97.73
bigdata-proj-m 1547542365   0 1.01 0.00 1.01 0.00 0.00 97.98
bigdata-proj-m 1547542365   1 1.00 0.00 1.00 0.00 0.00 98.00
bigdata-proj-m 1547542365   2 1.00 0.00 1.00 0.00 0.00 98.00
bigdata-proj-m 1547542365   3 1.00 0.00 2.00 0.00 0.00 97.00
HostName TimeStamp   CPU %user %nice %system %iowait %steal %idle
bigdata-proj-m 1547542366   all 0.75 0.00 1.26 0.00 0.00 97.99
bigdata-proj-m 1547542366   0 0.00 0.00 1.01 0.00 0.00 98.99
bigdata-proj-m 1547542366   1 0.00 0.00 0.00 0.00 0.00 100.00
bigdata-proj-m 1547542366   2 0.00 0.00 2.04 0.00 0.00 97.96
bigdata-proj-m 1547542366   3 1.98 0.00 1.98 0.00 0.00 96.04
HostName TimeStamp   CPU %user %nice %system %iowait %steal %idle
bigdata-proj-m 1547542367   all 10.30 0.00 1.76 0.00 0.00 87.94
bigdata-proj-m 1547542367   0 6.00 0.00 3.00 1.00 0.00 90.00
bigdata-proj-m 1547542367   1 10.00 0.00 1.00 0.00 0.00 89.00
bigdata-proj-m 1547542367   2 13.00 0.00 1.00 0.00 0.00 86.00
bigdata-proj-m 1547542367   3 12.37 0.00 0.00 0.00 0.00 87.63
HostName TimeStamp   CPU %user %nice %system %iowait %steal %idle
bigdata-proj-m 1547542368   all 46.00 0.00 3.25 0.25 0.00 50.50
bigdata-proj-m 1547542368   0 50.50 0.00 3.96 0.00 0.00 45.54
bigdata-proj-m 1547542368   1 62.24 0.00 3.06 0.00 0.00 34.69
bigdata-proj-m 1547542368   2 39.00 0.00 3.00 0.00 0.00 58.00
bigdata-proj-m 1547542368   3 33.66 0.00 4.95 0.00 0.00 61.39
HostName TimeStamp   CPU %user %nice %system %iowait %steal %idle
bigdata-proj-m 1547542369   all 48.40 0.00 6.17 0.00 0.00 45.43
bigdata-proj-m 1547542369   0 43.00 0.00 15.00 0.00 0.00 42.00
bigdata-proj-m 1547542369   1 46.60 0.00 2.91 0.00 0.00 50.49
bigdata-proj-m 1547542369   2 54.46 0.00 2.97 0.00 0.00 42.57
bigdata-proj-m 1547542369   3 49.02 0.00 3.92 0.00 0.00 47.06
HostName TimeStamp   CPU %user %nice %system %iowait %steal %idle
bigdata-proj-m 1547542370   all 22.19 0.00 3.99 0.00 0.00 73.82
bigdata-proj-m 1547542370   0 4.90 0.00 6.86 0.00 0.00 88.24
bigdata-proj-m 1547542370   1 3.00 0.00 2.00 0.00 0.00 95.00
bigdata-proj-m 1547542370   2 40.40 0.00 3.03 0.00 0.00 56.57
bigdata-proj-m 1547542370   3 41.00 0.00 3.00 0.00 0.00 56.00
HostName TimeStamp   CPU %user %nice %system %iowait %steal %idle
bigdata-proj-m 1547542371   all 8.77 0.00 1.50 0.00 0.00 89.72
bigdata-proj-m 1547542371   0 9.90 0.00 1.98 0.00 0.00 88.12
bigdata-proj-m 1547542371   1 8.00 0.00 1.00 0.00 0.00 91.00
bigdata-proj-m 1547542371   2 5.10 0.00 1.02 0.00 0.00 93.88
bigdata-proj-m 1547542371   3 12.87 0.00 1.98 0.00 0.00 85.15
HostName TimeStamp   CPU %user %nice %system %iowait %steal %idle
bigdata-proj-m 1547542372   all 2.52 0.00 1.26 0.00 0.00 96.22
bigdata-proj-m 1547542372   0 2.02 0.00 1.01 0.00 0.00 96.97
bigdata-proj-m 1547542372   1 3.03 0.00 2.02 0.00 0.00 94.95
bigdata-proj-m 1547542372   2 4.00 0.00 2.00 0.00 0.00 94.00
bigdata-proj-m 1547542372   3 0.00 0.00 1.02 0.00 0.00 98.98
HostName TimeStamp   CPU %user %nice %system %iowait %steal %idle
bigdata-proj-m 1547542373   all 6.36 0.00 2.54 0.25 0.00 90.84
bigdata-proj-m 1547542373   0 6.06 0.00 4.04 0.00 0.00 89.90
bigdata-proj-m 1547542373   1 5.10 0.00 2.04 0.00 0.00 92.86
bigdata-proj-m 1547542373   2 6.19 0.00 2.06 0.00 0.00 91.75
bigdata-proj-m 1547542373   3 8.91 0.00 1.98 0.99 0.00 88.12
HostName TimeStamp   CPU %user %nice %system %iowait %steal %idle
bigdata-proj-m 1547542374   all 1.01 0.00 1.01 0.00 0.00 97.98
bigdata-proj-m 1547542374   0 2.02 0.00 1.01 0.00 0.00 96.97
bigdata-proj-m 1547542374   1 2.00 0.00 1.00 0.00 0.00 97.00
bigdata-proj-m 1547542374   2 0.00 0.00 1.01 0.00 0.00 98.99
bigdata-proj-m 1547542374   3 0.00 0.00 0.00 0.00 0.00 100.00
HostName TimeStamp   CPU %user %nice %system %iowait %steal %idle
bigdata-proj-m 1547542375   all 12.06 0.00 3.77 0.00 0.00 84.17
bigdata-proj-m 1547542375   0 14.58 0.00 8.33 0.00 0.00 77.08
bigdata-proj-m 1547542375   1 10.10 0.00 1.01 0.00 0.00 88.89
bigdata-proj-m 1547542375   2 11.88 0.00 3.96 0.00 0.00 84.16
bigdata-proj-m 1547542375   3 10.00 0.00 2.00 0.00 0.00 88.00
HostName TimeStamp   CPU %user %nice %system %iowait %steal %idle
bigdata-proj-m 1547542376   all 1.26 0.00 2.01 0.00 0.00 96.73
bigdata-proj-m 1547542376   0 2.97 0.00 4.95 0.00 0.00 92.08
bigdata-proj-m 1547542376   1 1.01 0.00 1.01 0.00 0.00 97.98
bigdata-proj-m 1547542376   2 0.00 0.00 3.00 0.00 0.00 97.00
bigdata-proj-m 1547542376   3 1.02 0.00 0.00 0.00 0.00 98.98
HostName TimeStamp   CPU %user %nice %system %iowait %steal %idle
bigdata-proj-m 1547542377   all 0.51 0.00 0.51 0.00 0.00 98.98
bigdata-proj-m 1547542377   0 0.00 0.00 0.00 0.00 0.00 100.00
bigdata-proj-m 1547542377   1 0.00 0.00 1.02 0.00 0.00 98.98
bigdata-proj-m 1547542377   2 2.02 0.00 0.00 0.00 0.00 97.98
bigdata-proj-m 1547542377   3 1.01 0.00 0.00 0.00 0.00 98.99
HostName TimeStamp   CPU %user %nice %system %iowait %steal %idle
bigdata-proj-m 1547542378   all 17.59 0.00 3.52 0.00 0.00 78.89
bigdata-proj-m 1547542378   0 16.16 0.00 5.05 1.01 0.00 77.78
bigdata-proj-m 1547542378   1 16.00 0.00 3.00 0.00 0.00 81.00
bigdata-proj-m 1547542378   2 21.21 0.00 3.03 0.00 0.00 75.76
bigdata-proj-m 1547542378   3 16.83 0.00 3.96 0.00 0.00 79.21
HostName TimeStamp   CPU %user %nice %system %iowait %steal %idle
bigdata-proj-m 1547542379   all 37.50 0.00 3.06 0.26 0.00 59.18
bigdata-proj-m 1547542379   0 25.51 0.00 4.08 0.00 0.00 70.41
bigdata-proj-m 1547542379   1 27.00 0.00 5.00 1.00 0.00 67.00
bigdata-proj-m 1547542379   2 47.96 0.00 2.04 0.00 0.00 50.00
bigdata-proj-m 1547542379   3 49.48 0.00 1.03 0.00 0.00 49.48
HostName TimeStamp   CPU %user %nice %system %iowait %steal %idle
bigdata-proj-m 1547542380   all 52.88 0.00 10.03 0.25 0.00 36.84
bigdata-proj-m 1547542380   0 43.56 0.00 12.87 0.00 0.00 43.56
bigdata-proj-m 1547542380   1 50.00 0.00 9.18 0.00 0.00 40.82
bigdata-proj-m 1547542380   2 68.69 0.00 8.08 0.00 0.00 23.23
bigdata-proj-m 1547542380   3 50.00 0.00 9.18 0.00 0.00 40.82
HostName TimeStamp   CPU %user %nice %system %iowait %steal %idle
bigdata-proj-m 1547542381   all 45.92 0.00 5.10 0.00 0.00 48.98
bigdata-proj-m 1547542381   0 32.65 0.00 6.12 0.00 0.00 61.22
bigdata-proj-m 1547542381   1 72.16 0.00 9.28 0.00 0.00 18.56
bigdata-proj-m 1547542381   2 34.00 0.00 5.00 0.00 0.00 61.00
bigdata-proj-m 1547542381   3 44.90 0.00 1.02 1.02 0.00 53.06
HostName TimeStamp   CPU %user %nice %system %iowait %steal %idle
bigdata-proj-m 1547542382   all 53.25 0.00 4.75 0.25 0.00 41.75
bigdata-proj-m 1547542382   0 71.72 0.00 3.03 0.00 0.00 25.25
bigdata-proj-m 1547542382   1 43.81 0.00 8.57 0.00 0.00 47.62
bigdata-proj-m 1547542382   2 38.00 0.00 4.00 1.00 0.00 57.00
bigdata-proj-m 1547542382   3 60.20 0.00 4.08 0.00 0.00 35.71
HostName TimeStamp   CPU %user %nice %system %iowait %steal %idle
bigdata-proj-m 1547542383   all 44.19 0.00 5.05 0.25 0.00 50.51
bigdata-proj-m 1547542383   0 55.00 0.00 5.00 0.00 0.00 40.00
bigdata-proj-m 1547542383   1 42.57 0.00 2.97 0.99 0.00 53.47
bigdata-proj-m 1547542383   2 36.36 0.00 5.05 1.01 0.00 57.58
bigdata-proj-m 1547542383   3 42.86 0.00 6.12 0.00 0.00 51.02
HostName TimeStamp   CPU %user %nice %system %iowait %steal %idle
bigdata-proj-m 1547542384   all 40.55 0.00 3.48 0.50 0.00 55.47
bigdata-proj-m 1547542384   0 41.67 0.00 4.17 0.00 0.00 54.17
bigdata-proj-m 1547542384   1 30.30 0.00 3.03 0.00 0.00 66.67
bigdata-proj-m 1547542384   2 31.00 0.00 4.00 0.00 0.00 65.00
bigdata-proj-m 1547542384   3 59.22 0.00 1.94 0.00 0.00 38.83
HostName TimeStamp   CPU %user %nice %system %iowait %steal %idle
bigdata-proj-m 1547542385   all 20.05 0.00 1.52 0.25 0.00 78.17
bigdata-proj-m 1547542385   0 20.20 0.00 1.01 1.01 0.00 77.78
bigdata-proj-m 1547542385   1 16.33 0.00 3.06 0.00 0.00 80.61
bigdata-proj-m 1547542385   2 22.22 0.00 1.01 0.00 0.00 76.77
bigdata-proj-m 1547542385   3 21.21 0.00 2.02 0.00 0.00 76.77
HostName TimeStamp   CPU %user %nice %system %iowait %steal %idle
bigdata-proj-m 1547542386   all 26.00 0.00 4.00 0.50 0.00 69.50
bigdata-proj-m 1547542386   0 24.74 0.00 4.12 0.00 0.00 71.13
bigdata-proj-m 1547542386   1 26.00 0.00 5.00 1.00 0.00 68.00
bigdata-proj-m 1547542386   2 24.00 0.00 4.00 1.00 0.00 71.00
bigdata-proj-m 1547542386   3 28.43 0.00 1.96 0.98 0.00 68.63
HostName TimeStamp   CPU %user %nice %system %iowait %steal %idle
bigdata-proj-m 1547542387   all 21.83 0.00 5.84 0.25 0.00 72.08
bigdata-proj-m 1547542387   0 33.33 0.00 4.04 1.01 0.00 61.62
bigdata-proj-m 1547542387   1 16.33 0.00 5.10 0.00 0.00 78.57
bigdata-proj-m 1547542387   2 19.19 0.00 5.05 0.00 0.00 75.76
bigdata-proj-m 1547542387   3 18.56 0.00 9.28 0.00 0.00 72.16
HostName TimeStamp   CPU %user %nice %system %iowait %steal %idle
bigdata-proj-m 1547542388   all 41.09 0.00 6.44 0.74 0.00 51.73
bigdata-proj-m 1547542388   0 36.19 0.00 10.48 0.00 0.00 53.33
bigdata-proj-m 1547542388   1 41.41 0.00 3.03 1.01 0.00 54.55
bigdata-proj-m 1547542388   2 42.16 0.00 5.88 0.98 0.00 50.98
bigdata-proj-m 1547542388   3 45.00 0.00 7.00 1.00 0.00 47.00
HostName TimeStamp   CPU %user %nice %system %iowait %steal %idle
bigdata-proj-m 1547542389   all 31.31 0.00 3.79 0.25 0.00 64.65
bigdata-proj-m 1547542389   0 23.71 0.00 3.09 0.00 0.00 73.20
bigdata-proj-m 1547542389   1 21.00 0.00 6.00 1.00 0.00 72.00
bigdata-proj-m 1547542389   2 42.00 0.00 4.00 0.00 0.00 54.00
bigdata-proj-m 1547542389   3 38.00 0.00 3.00 0.00 0.00 59.00
HostName TimeStamp   CPU %user %nice %system %iowait %steal %idle
bigdata-proj-m 1547542390   all 27.71 0.00 3.02 0.50 0.00 68.77
bigdata-proj-m 1547542390   0 36.00 0.00 3.00 0.00 0.00 61.00
bigdata-proj-m 1547542390   1 19.79 0.00 3.12 0.00 0.00 77.08
bigdata-proj-m 1547542390   2 23.71 0.00 1.03 1.03 0.00 74.23
bigdata-proj-m 1547542390   3 30.10 0.00 3.88 0.97 0.00 65.05
HostName TimeStamp   CPU %user %nice %system %iowait %steal %idle
bigdata-proj-m 1547542391   all 31.82 0.00 4.80 0.51 0.00 62.88
bigdata-proj-m 1547542391   0 34.65 0.00 3.96 0.99 0.00 60.40
bigdata-proj-m 1547542391   1 27.55 0.00 5.10 1.02 0.00 66.33
bigdata-proj-m 1547542391   2 32.00 0.00 6.00 0.00 0.00 62.00
bigdata-proj-m 1547542391   3 34.34 0.00 4.04 0.00 0.00 61.62
HostName TimeStamp   CPU %user %nice %system %iowait %steal %idle
bigdata-proj-m 1547542392   all 20.00 0.00 2.28 0.51 0.00 77.22
bigdata-proj-m 1547542392   0 20.20 0.00 2.02 1.01 0.00 76.77
bigdata-proj-m 1547542392   1 18.56 0.00 2.06 0.00 0.00 79.38
bigdata-proj-m 1547542392   2 23.23 0.00 3.03 1.01 0.00 72.73
bigdata-proj-m 1547542392   3 17.00 0.00 3.00 1.00 0.00 79.00
HostName TimeStamp   CPU %user %nice %system %iowait %steal %idle
bigdata-proj-m 1547542393   all 22.34 0.00 2.28 0.51 0.00 74.87
bigdata-proj-m 1547542393   0 29.90 0.00 2.06 0.00 0.00 68.04
bigdata-proj-m 1547542393   1 20.79 0.00 2.97 0.00 0.00 76.24
bigdata-proj-m 1547542393   2 23.00 0.00 2.00 0.00 0.00 75.00
bigdata-proj-m 1547542393   3 15.46 0.00 3.09 1.03 0.00 80.41
HostName TimeStamp   CPU %user %nice %system %iowait %steal %idle
bigdata-proj-m 1547542394   all 24.56 0.00 5.82 0.51 0.00 69.11
bigdata-proj-m 1547542394   0 24.00 0.00 3.00 1.00 0.00 72.00
bigdata-proj-m 1547542394   1 21.43 0.00 3.06 1.02 0.00 74.49
bigdata-proj-m 1547542394   2 33.67 0.00 11.22 0.00 0.00 55.10
bigdata-proj-m 1547542394   3 19.79 0.00 3.12 0.00 0.00 77.08
HostName TimeStamp   CPU %user %nice %system %iowait %steal %idle
bigdata-proj-m 1547542395   all 31.36 0.00 6.67 0.49 0.00 61.48
bigdata-proj-m 1547542395   0 44.12 0.00 3.92 0.00 0.00 51.96
bigdata-proj-m 1547542395   1 36.54 0.00 10.58 0.96 0.00 51.92
bigdata-proj-m 1547542395   2 24.00 0.00 4.00 1.00 0.00 71.00
bigdata-proj-m 1547542395   3 19.42 0.00 9.71 0.97 0.00 69.90
HostName TimeStamp   CPU %user %nice %system %iowait %steal %idle
bigdata-proj-m 1547542396   all 27.34 0.00 5.57 0.51 0.00 66.58
bigdata-proj-m 1547542396   0 25.51 0.00 8.16 0.00 0.00 66.33
bigdata-proj-m 1547542396   1 32.00 0.00 4.00 0.00 0.00 64.00
bigdata-proj-m 1547542396   2 27.55 0.00 4.08 0.00 0.00 68.37
bigdata-proj-m 1547542396   3 24.21 0.00 5.26 1.05 0.00 69.47
HostName TimeStamp   CPU %user %nice %system %iowait %steal %idle
bigdata-proj-m 1547542397   all 12.03 0.00 3.51 0.50 0.00 83.96
bigdata-proj-m 1547542397   0 12.62 0.00 5.83 0.97 0.00 80.58
bigdata-proj-m 1547542397   1 13.13 0.00 2.02 0.00 0.00 84.85
bigdata-proj-m 1547542397   2 9.18 0.00 3.06 1.02 0.00 86.73
bigdata-proj-m 1547542397   3 14.00 0.00 4.00 0.00 0.00 82.00
HostName TimeStamp   CPU %user %nice %system %iowait %steal %idle
bigdata-proj-m 1547542398   all 21.14 0.00 3.98 0.50 0.00 74.38
bigdata-proj-m 1547542398   0 13.27 0.00 4.08 0.00 0.00 82.65
bigdata-proj-m 1547542398   1 38.61 0.00 2.97 0.00 0.00 58.42
bigdata-proj-m 1547542398   2 19.39 0.00 2.04 0.00 0.00 78.57
bigdata-proj-m 1547542398   3 13.59 0.00 4.85 0.97 0.00 80.58
HostName TimeStamp   CPU %user %nice %system %iowait %steal %idle
bigdata-proj-m 1547542399   all 12.69 0.00 3.81 0.76 0.00 82.74
bigdata-proj-m 1547542399   0 15.31 0.00 3.06 0.00 0.00 81.63
bigdata-proj-m 1547542399   1 9.28 0.00 5.15 1.03 0.00 84.54
bigdata-proj-m 1547542399   2 12.00 0.00 5.00 1.00 0.00 82.00
bigdata-proj-m 1547542399   3 13.13 0.00 3.03 1.01 0.00 82.83
HostName TimeStamp   CPU %user %nice %system %iowait %steal %idle
bigdata-proj-m 1547542400   all 24.68 0.00 5.14 1.54 0.00 68.64
bigdata-proj-m 1547542400   0 15.15 0.00 6.06 1.01 0.00 77.78
bigdata-proj-m 1547542400   1 47.96 0.00 1.02 1.02 0.00 50.00
bigdata-proj-m 1547542400   2 20.65 0.00 7.61 5.43 0.00 66.30
bigdata-proj-m 1547542400   3 15.84 0.00 5.94 0.00 0.00 78.22
HostName TimeStamp   CPU %user %nice %system %iowait %steal %idle
bigdata-proj-m 1547542401   all 50.13 0.00 5.76 0.50 0.00 43.61
bigdata-proj-m 1547542401   0 68.69 0.00 3.03 0.00 0.00 28.28
bigdata-proj-m 1547542401   1 25.24 0.00 11.65 0.00 0.00 63.11
bigdata-proj-m 1547542401   2 19.59 0.00 5.15 1.03 0.00 74.23
bigdata-proj-m 1547542401   3 87.88 0.00 2.02 0.00 0.00 10.10
HostName TimeStamp   CPU %user %nice %system %iowait %steal %idle
bigdata-proj-m 1547542402   all 43.48 0.00 4.86 0.26 0.00 51.41
bigdata-proj-m 1547542402   0 66.67 0.00 3.03 1.01 0.00 29.29
bigdata-proj-m 1547542402   1 37.50 0.00 4.17 0.00 0.00 58.33
bigdata-proj-m 1547542402   2 27.55 0.00 5.10 1.02 0.00 66.33
bigdata-proj-m 1547542402   3 41.84 0.00 7.14 0.00 0.00 51.02
HostName TimeStamp   CPU %user %nice %system %iowait %steal %idle
bigdata-proj-m 1547542403   all 14.72 0.00 2.79 1.02 0.00 81.47
bigdata-proj-m 1547542403   0 16.00 0.00 4.00 1.00 0.00 79.00
bigdata-proj-m 1547542403   1 16.00 0.00 3.00 1.00 0.00 80.00
bigdata-proj-m 1547542403   2 15.31 0.00 3.06 1.02 0.00 80.61
bigdata-proj-m 1547542403   3 10.42 0.00 1.04 1.04 0.00 87.50
HostName TimeStamp   CPU %user %nice %system %iowait %steal %idle
bigdata-proj-m 1547542404   all 18.69 0.00 3.03 0.51 0.00 77.78
bigdata-proj-m 1547542404   0 29.29 0.00 2.02 0.00 0.00 68.69
bigdata-proj-m 1547542404   1 13.86 0.00 4.95 0.99 0.00 80.20
bigdata-proj-m 1547542404   2 17.35 0.00 3.06 0.00 0.00 79.59
bigdata-proj-m 1547542404   3 14.29 0.00 3.06 1.02 0.00 81.63
HostName TimeStamp   CPU %user %nice %system %iowait %steal %idle
bigdata-proj-m 1547542405   all 28.10 0.00 3.29 0.51 0.00 68.10
bigdata-proj-m 1547542405   0 19.39 0.00 5.10 0.00 0.00 75.51
bigdata-proj-m 1547542405   1 67.00 0.00 1.00 0.00 0.00 32.00
bigdata-proj-m 1547542405   2 14.14 0.00 3.03 1.01 0.00 81.82
bigdata-proj-m 1547542405   3 12.12 0.00 3.03 1.01 0.00 83.84
HostName TimeStamp   CPU %user %nice %system %iowait %steal %idle
bigdata-proj-m 1547542406   all 21.77 0.00 5.06 0.51 0.00 72.66
bigdata-proj-m 1547542406   0 17.00 0.00 3.00 1.00 0.00 79.00
bigdata-proj-m 1547542406   1 37.37 0.00 4.04 1.01 0.00 57.58
bigdata-proj-m 1547542406   2 20.79 0.00 8.91 0.00 0.00 70.30
bigdata-proj-m 1547542406   3 10.42 0.00 5.21 0.00 0.00 84.38
HostName TimeStamp   CPU %user %nice %system %iowait %steal %idle
bigdata-proj-m 1547542407   all 12.81 0.00 7.29 0.75 0.00 79.15
bigdata-proj-m 1547542407   0 14.43 0.00 6.19 0.00 0.00 79.38
bigdata-proj-m 1547542407   1 10.00 0.00 6.00 1.00 0.00 83.00
bigdata-proj-m 1547542407   2 12.00 0.00 7.00 1.00 0.00 80.00
bigdata-proj-m 1547542407   3 15.00 0.00 10.00 1.00 0.00 74.00
HostName TimeStamp   CPU %user %nice %system %iowait %steal %idle
bigdata-proj-m 1547542408   all 17.17 0.00 4.04 0.51 0.00 78.28
bigdata-proj-m 1547542408   0 18.18 0.00 4.04 0.00 0.00 77.78
bigdata-proj-m 1547542408   1 17.82 0.00 5.94 0.00 0.00 76.24
bigdata-proj-m 1547542408   2 17.17 0.00 3.03 1.01 0.00 78.79
bigdata-proj-m 1547542408   3 15.46 0.00 3.09 1.03 0.00 80.41
HostName TimeStamp   CPU %user %nice %system %iowait %steal %idle
bigdata-proj-m 1547542409   all 10.13 0.00 3.54 0.76 0.00 85.57
bigdata-proj-m 1547542409   0 11.00 0.00 4.00 1.00 0.00 84.00
bigdata-proj-m 1547542409   1 13.00 0.00 1.00 1.00 0.00 85.00
bigdata-proj-m 1547542409   2 9.18 0.00 3.06 0.00 0.00 87.76
bigdata-proj-m 1547542409   3 8.25 0.00 6.19 0.00 0.00 85.57
HostName TimeStamp   CPU %user %nice %system %iowait %steal %idle
bigdata-proj-m 1547542410   all 11.42 0.00 2.79 0.51 0.00 85.28
bigdata-proj-m 1547542410   0 9.18 0.00 3.06 1.02 0.00 86.73
bigdata-proj-m 1547542410   1 9.38 0.00 1.04 0.00 0.00 89.58
bigdata-proj-m 1547542410   2 19.80 0.00 2.97 0.99 0.00 76.24
bigdata-proj-m 1547542410   3 6.12 0.00 3.06 1.02 0.00 89.80
HostName TimeStamp   CPU %user %nice %system %iowait %steal %idle
bigdata-proj-m 1547542411   all 22.03 0.00 3.04 0.51 0.00 74.43
bigdata-proj-m 1547542411   0 26.00 0.00 5.00 0.00 0.00 69.00
bigdata-proj-m 1547542411   1 14.00 0.00 2.00 1.00 0.00 83.00
bigdata-proj-m 1547542411   2 19.80 0.00 0.99 0.99 0.00 78.22
bigdata-proj-m 1547542411   3 28.57 0.00 5.10 1.02 0.00 65.31
HostName TimeStamp   CPU %user %nice %system %iowait %steal %idle
bigdata-proj-m 1547542412   all 16.38 0.00 5.46 0.74 0.00 77.42
bigdata-proj-m 1547542412   0 16.00 0.00 6.00 1.00 0.00 77.00
bigdata-proj-m 1547542412   1 13.86 0.00 7.92 0.00 0.00 78.22
bigdata-proj-m 1547542412   2 14.14 0.00 6.06 0.00 0.00 79.80
bigdata-proj-m 1547542412   3 22.00 0.00 1.00 1.00 0.00 76.00
HostName TimeStamp   CPU %user %nice %system %iowait %steal %idle
bigdata-proj-m 1547542413   all 13.78 0.00 4.01 0.50 0.00 81.70
bigdata-proj-m 1547542413   0 17.00 0.00 5.00 0.00 0.00 78.00
bigdata-proj-m 1547542413   1 10.89 0.00 3.96 1.98 0.00 83.17
bigdata-proj-m 1547542413   2 13.00 0.00 3.00 0.00 0.00 84.00
bigdata-proj-m 1547542413   3 14.14 0.00 5.05 0.00 0.00 80.81
HostName TimeStamp   CPU %user %nice %system %iowait %steal %idle
bigdata-proj-m 1547542414   all 25.25 0.00 6.31 0.76 0.00 67.68
bigdata-proj-m 1547542414   0 18.75 0.00 7.29 1.04 0.00 72.92
bigdata-proj-m 1547542414   1 29.00 0.00 5.00 0.00 0.00 66.00
bigdata-proj-m 1547542414   2 23.76 0.00 7.92 0.99 0.00 67.33
bigdata-proj-m 1547542414   3 29.00 0.00 5.00 1.00 0.00 65.00
HostName TimeStamp   CPU %user %nice %system %iowait %steal %idle
bigdata-proj-m 1547542415   all 12.94 0.00 3.05 0.51 0.00 83.50
bigdata-proj-m 1547542415   0 12.63 0.00 3.16 0.00 0.00 84.21
bigdata-proj-m 1547542415   1 11.22 0.00 2.04 1.02 0.00 85.71
bigdata-proj-m 1547542415   2 12.50 0.00 5.77 0.96 0.00 80.77
bigdata-proj-m 1547542415   3 15.46 0.00 1.03 1.03 0.00 82.47
HostName TimeStamp   CPU %user %nice %system %iowait %steal %idle
bigdata-proj-m 1547542416   all 10.91 0.00 3.30 0.76 0.00 85.03
bigdata-proj-m 1547542416   0 12.24 0.00 3.06 0.00 0.00 84.69
bigdata-proj-m 1547542416   1 8.33 0.00 3.12 0.00 0.00 88.54
bigdata-proj-m 1547542416   2 14.43 0.00 2.06 0.00 0.00 83.51
bigdata-proj-m 1547542416   3 9.09 0.00 4.04 1.01 0.00 85.86
HostName TimeStamp   CPU %user %nice %system %iowait %steal %idle
bigdata-proj-m 1547542417   all 14.65 0.00 3.28 0.51 0.00 81.57
bigdata-proj-m 1547542417   0 18.63 0.00 3.92 0.98 0.00 76.47
bigdata-proj-m 1547542417   1 13.73 0.00 3.92 0.98 0.00 81.37
bigdata-proj-m 1547542417   2 16.00 0.00 4.00 1.00 0.00 79.00
bigdata-proj-m 1547542417   3 9.28 0.00 3.09 1.03 0.00 86.60
HostName TimeStamp   CPU %user %nice %system %iowait %steal %idle
bigdata-proj-m 1547542418   all 13.82 0.00 4.02 0.75 0.00 81.41
bigdata-proj-m 1547542418   0 11.88 0.00 5.94 0.00 0.00 82.18
bigdata-proj-m 1547542418   1 16.00 0.00 4.00 1.00 0.00 79.00
bigdata-proj-m 1547542418   2 14.58 0.00 1.04 0.00 0.00 84.38
bigdata-proj-m 1547542418   3 13.86 0.00 4.95 0.99 0.00 80.20
HostName TimeStamp   CPU %user %nice %system %iowait %steal %idle
bigdata-proj-m 1547542419   all 12.44 0.00 5.84 0.76 0.00 80.96
bigdata-proj-m 1547542419   0 13.13 0.00 11.11 1.01 0.00 74.75
bigdata-proj-m 1547542419   1 15.15 0.00 4.04 1.01 0.00 79.80
bigdata-proj-m 1547542419   2 10.20 0.00 3.06 1.02 0.00 85.71
bigdata-proj-m 1547542419   3 10.20 0.00 4.08 1.02 0.00 84.69
HostName TimeStamp   CPU %user %nice %system %iowait %steal %idle
bigdata-proj-m 1547542420   all 18.62 0.00 7.14 0.77 0.00 73.47
bigdata-proj-m 1547542420   0 18.37 0.00 5.10 0.00 0.00 76.53
bigdata-proj-m 1547542420   1 17.02 0.00 4.26 0.00 0.00 78.72
bigdata-proj-m 1547542420   2 20.41 0.00 13.27 0.00 0.00 66.33
bigdata-proj-m 1547542420   3 19.39 0.00 6.12 0.00 0.00 74.49
HostName TimeStamp   CPU %user %nice %system %iowait %steal %idle
bigdata-proj-m 1547542421   all 12.37 0.00 3.61 0.52 0.00 83.51
bigdata-proj-m 1547542421   0 12.37 0.00 4.12 1.03 0.00 82.47
bigdata-proj-m 1547542421   1 11.34 0.00 3.09 1.03 0.00 84.54
bigdata-proj-m 1547542421   2 12.12 0.00 3.03 1.01 0.00 83.84
bigdata-proj-m 1547542421   3 13.54 0.00 4.17 1.04 0.00 81.25
HostName TimeStamp   CPU %user %nice %system %iowait %steal %idle
bigdata-proj-m 1547542422   all 11.25 0.00 3.84 0.77 0.00 84.14
bigdata-proj-m 1547542422   0 10.10 0.00 6.06 1.01 0.00 82.83
bigdata-proj-m 1547542422   1 9.28 0.00 2.06 1.03 0.00 87.63
bigdata-proj-m 1547542422   2 10.31 0.00 3.09 1.03 0.00 85.57
bigdata-proj-m 1547542422   3 15.31 0.00 2.04 1.02 0.00 81.63
HostName TimeStamp   CPU %user %nice %system %iowait %steal %idle
bigdata-proj-m 1547542423   all 11.56 0.00 3.77 0.50 0.00 84.17
bigdata-proj-m 1547542423   0 11.22 0.00 3.06 0.00 0.00 85.71
bigdata-proj-m 1547542423   1 12.75 0.00 4.90 0.00 0.00 82.35
bigdata-proj-m 1547542423   2 8.08 0.00 6.06 0.00 0.00 85.86
bigdata-proj-m 1547542423   3 13.00 0.00 4.00 1.00 0.00 82.00
HostName TimeStamp   CPU %user %nice %system %iowait %steal %idle
bigdata-proj-m 1547542424   all 11.20 0.00 3.56 0.76 0.00 84.48
bigdata-proj-m 1547542424   0 14.85 0.00 3.96 0.99 0.00 80.20
bigdata-proj-m 1547542424   1 10.42 0.00 3.12 0.00 0.00 86.46
bigdata-proj-m 1547542424   2 6.25 0.00 2.08 1.04 0.00 90.62
bigdata-proj-m 1547542424   3 14.14 0.00 3.03 0.00 0.00 82.83
HostName TimeStamp   CPU %user %nice %system %iowait %steal %idle
bigdata-proj-m 1547542425   all 21.30 0.00 5.01 0.50 0.00 73.18
bigdata-proj-m 1547542425   0 37.11 0.00 3.09 0.00 0.00 59.79
bigdata-proj-m 1547542425   1 19.00 0.00 2.00 1.00 0.00 78.00
bigdata-proj-m 1547542425   2 15.84 0.00 6.93 0.99 0.00 76.24
bigdata-proj-m 1547542425   3 13.73 0.00 9.80 0.98 0.00 75.49
HostName TimeStamp   CPU %user %nice %system %iowait %steal %idle
bigdata-proj-m 1547542426   all 16.41 0.00 4.55 0.76 0.00 78.28
bigdata-proj-m 1547542426   0 13.73 0.00 4.90 0.98 0.00 80.39
bigdata-proj-m 1547542426   1 12.24 0.00 3.06 1.02 0.00 83.67
bigdata-proj-m 1547542426   2 22.22 0.00 2.02 1.01 0.00 74.75
bigdata-proj-m 1547542426   3 17.35 0.00 7.14 0.00 0.00 75.51
HostName TimeStamp   CPU %user %nice %system %iowait %steal %idle
bigdata-proj-m 1547542427   all 17.97 0.00 6.51 0.52 0.00 75.00
bigdata-proj-m 1547542427   0 17.89 0.00 6.32 0.00 0.00 75.79
bigdata-proj-m 1547542427   1 18.28 0.00 6.45 0.00 0.00 75.27
bigdata-proj-m 1547542427   2 16.84 0.00 4.21 1.05 0.00 77.89
bigdata-proj-m 1547542427   3 19.39 0.00 7.14 1.02 0.00 72.45
HostName TimeStamp   CPU %user %nice %system %iowait %steal %idle
bigdata-proj-m 1547542428   all 9.39 0.00 2.79 0.76 0.00 87.06
bigdata-proj-m 1547542428   0 11.11 0.00 3.03 1.01 0.00 84.85
bigdata-proj-m 1547542428   1 8.91 0.00 2.97 0.99 0.00 87.13
bigdata-proj-m 1547542428   2 10.20 0.00 2.04 0.00 0.00 87.76
bigdata-proj-m 1547542428   3 8.25 0.00 4.12 0.00 0.00 87.63
HostName TimeStamp   CPU %user %nice %system %iowait %steal %idle
bigdata-proj-m 1547542429   all 9.62 0.00 3.04 0.51 0.00 86.84
bigdata-proj-m 1547542429   0 8.00 0.00 5.00 1.00 0.00 86.00
bigdata-proj-m 1547542429   1 9.38 0.00 2.08 1.04 0.00 87.50
bigdata-proj-m 1547542429   2 11.00 0.00 3.00 0.00 0.00 86.00
bigdata-proj-m 1547542429   3 8.16 0.00 2.04 1.02 0.00 88.78
HostName TimeStamp   CPU %user %nice %system %iowait %steal %idle
bigdata-proj-m 1547542430   all 12.92 0.00 2.33 0.52 0.00 84.24
bigdata-proj-m 1547542430   0 12.37 0.00 2.06 0.00 0.00 85.57
bigdata-proj-m 1547542430   1 11.58 0.00 3.16 0.00 0.00 85.26
bigdata-proj-m 1547542430   2 14.43 0.00 1.03 1.03 0.00 83.51
bigdata-proj-m 1547542430   3 13.13 0.00 4.04 1.01 0.00 81.82
HostName TimeStamp   CPU %user %nice %system %iowait %steal %idle
bigdata-proj-m 1547542431   all 9.95 0.00 5.61 0.77 0.00 83.67
bigdata-proj-m 1547542431   0 9.28 0.00 5.15 0.00 0.00 85.57
bigdata-proj-m 1547542431   1 10.00 0.00 3.00 2.00 0.00 85.00
bigdata-proj-m 1547542431   2 10.00 0.00 3.00 1.00 0.00 86.00
bigdata-proj-m 1547542431   3 11.58 0.00 10.53 0.00 0.00 77.89
HostName TimeStamp   CPU %user %nice %system %iowait %steal %idle
bigdata-proj-m 1547542432   all 9.30 0.00 4.52 0.75 0.00 85.43
bigdata-proj-m 1547542432   0 7.07 0.00 5.05 1.01 0.00 86.87
bigdata-proj-m 1547542432   1 9.00 0.00 10.00 1.00 0.00 80.00
bigdata-proj-m 1547542432   2 11.11 0.00 2.02 0.00 0.00 86.87
bigdata-proj-m 1547542432   3 9.09 0.00 2.02 1.01 0.00 87.88
HostName TimeStamp   CPU %user %nice %system %iowait %steal %idle
bigdata-proj-m 1547542433   all 14.11 0.00 4.03 0.50 0.00 81.36
bigdata-proj-m 1547542433   0 10.20 0.00 4.08 0.00 0.00 85.71
bigdata-proj-m 1547542433   1 9.90 0.00 4.95 0.99 0.00 84.16
bigdata-proj-m 1547542433   2 26.00 0.00 3.00 0.00 0.00 71.00
bigdata-proj-m 1547542433   3 11.11 0.00 3.03 1.01 0.00 84.85
HostName TimeStamp   CPU %user %nice %system %iowait %steal %idle
bigdata-proj-m 1547542434   all 28.36 0.00 4.73 0.75 0.00 66.17
bigdata-proj-m 1547542434   0 12.00 0.00 6.00 1.00 0.00 81.00
bigdata-proj-m 1547542434   1 20.59 0.00 5.88 0.00 0.00 73.53
bigdata-proj-m 1547542434   2 66.00 0.00 3.00 1.00 0.00 30.00
bigdata-proj-m 1547542434   3 15.15 0.00 5.05 0.00 0.00 79.80
HostName TimeStamp   CPU %user %nice %system %iowait %steal %idle
bigdata-proj-m 1547542435   all 22.05 0.00 9.23 0.51 0.00 68.21
bigdata-proj-m 1547542435   0 18.37 0.00 10.20 0.00 0.00 71.43
bigdata-proj-m 1547542435   1 22.45 0.00 9.18 1.02 0.00 67.35
bigdata-proj-m 1547542435   2 25.26 0.00 7.37 0.00 0.00 67.37
bigdata-proj-m 1547542435   3 21.43 0.00 9.18 1.02 0.00 68.37
HostName TimeStamp   CPU %user %nice %system %iowait %steal %idle
bigdata-proj-m 1547542436   all 12.63 0.00 3.28 0.51 0.00 83.59
bigdata-proj-m 1547542436   0 12.00 0.00 4.00 1.00 0.00 83.00
bigdata-proj-m 1547542436   1 8.33 0.00 2.08 0.00 0.00 89.58
bigdata-proj-m 1547542436   2 7.92 0.00 5.94 0.99 0.00 85.15
bigdata-proj-m 1547542436   3 21.78 0.00 0.99 0.99 0.00 76.24
HostName TimeStamp   CPU %user %nice %system %iowait %steal %idle
bigdata-proj-m 1547542437   all 12.50 0.00 4.75 0.75 0.00 82.00
bigdata-proj-m 1547542437   0 14.00 0.00 4.00 1.00 0.00 81.00
bigdata-proj-m 1547542437   1 17.82 0.00 6.93 0.99 0.00 74.26
bigdata-proj-m 1547542437   2 8.08 0.00 5.05 0.00 0.00 86.87
bigdata-proj-m 1547542437   3 10.89 0.00 3.96 0.99 0.00 84.16
HostName TimeStamp   CPU %user %nice %system %iowait %steal %idle
bigdata-proj-m 1547542438   all 6.92 0.00 4.36 0.51 0.00 88.21
bigdata-proj-m 1547542438   0 6.19 0.00 7.22 1.03 0.00 85.57
bigdata-proj-m 1547542438   1 10.53 0.00 2.11 0.00 0.00 87.37
bigdata-proj-m 1547542438   2 6.93 0.00 3.96 0.99 0.00 88.12
bigdata-proj-m 1547542438   3 5.15 0.00 3.09 0.00 0.00 91.75
HostName TimeStamp   CPU %user %nice %system %iowait %steal %idle
bigdata-proj-m 1547542439   all 13.53 0.00 4.51 0.75 0.00 81.20
bigdata-proj-m 1547542439   0 14.85 0.00 5.94 0.00 0.00 79.21
bigdata-proj-m 1547542439   1 12.12 0.00 3.03 1.01 0.00 83.84
bigdata-proj-m 1547542439   2 10.31 0.00 6.19 1.03 0.00 82.47
bigdata-proj-m 1547542439   3 15.00 0.00 3.00 1.00 0.00 81.00
HostName TimeStamp   CPU %user %nice %system %iowait %steal %idle
bigdata-proj-m 1547542440   all 34.34 0.00 7.58 0.25 0.00 57.83
bigdata-proj-m 1547542440   0 45.45 0.00 6.06 1.01 0.00 47.47
bigdata-proj-m 1547542440   1 37.11 0.00 5.15 0.00 0.00 57.73
bigdata-proj-m 1547542440   2 22.55 0.00 10.78 0.00 0.00 66.67
bigdata-proj-m 1547542440   3 33.33 0.00 8.08 0.00 0.00 58.59
HostName TimeStamp   CPU %user %nice %system %iowait %steal %idle
bigdata-proj-m 1547542441   all 12.76 0.00 3.06 0.51 0.00 83.67
bigdata-proj-m 1547542441   0 11.34 0.00 4.12 0.00 0.00 84.54
bigdata-proj-m 1547542441   1 16.67 0.00 1.04 0.00 0.00 82.29
bigdata-proj-m 1547542441   2 10.10 0.00 4.04 1.01 0.00 84.85
bigdata-proj-m 1547542441   3 12.87 0.00 3.96 0.99 0.00 82.18
HostName TimeStamp   CPU %user %nice %system %iowait %steal %idle
bigdata-proj-m 1547542442   all 12.76 0.00 2.55 1.02 0.00 83.67
bigdata-proj-m 1547542442   0 11.22 0.00 2.04 1.02 0.00 85.71
bigdata-proj-m 1547542442   1 12.24 0.00 5.10 1.02 0.00 81.63
bigdata-proj-m 1547542442   2 18.18 0.00 2.02 0.00 0.00 79.80
bigdata-proj-m 1547542442   3 9.28 0.00 2.06 1.03 0.00 87.63
HostName TimeStamp   CPU %user %nice %system %iowait %steal %idle
bigdata-proj-m 1547542443   all 11.84 0.00 5.29 0.50 0.00 82.37
bigdata-proj-m 1547542443   0 10.20 0.00 9.18 1.02 0.00 79.59
bigdata-proj-m 1547542443   1 12.12 0.00 5.05 0.00 0.00 82.83
bigdata-proj-m 1547542443   2 13.86 0.00 3.96 0.99 0.00 81.19
bigdata-proj-m 1547542443   3 10.20 0.00 2.04 1.02 0.00 86.73
HostName TimeStamp   CPU %user %nice %system %iowait %steal %idle
bigdata-proj-m 1547542444   all 21.04 0.00 4.70 0.50 0.00 73.76
bigdata-proj-m 1547542444   0 28.43 0.00 2.94 0.00 0.00 68.63
bigdata-proj-m 1547542444   1 28.71 0.00 2.97 0.99 0.00 67.33
bigdata-proj-m 1547542444   2 13.00 0.00 6.00 1.00 0.00 80.00
bigdata-proj-m 1547542444   3 13.59 0.00 7.77 0.00 0.00 78.64
HostName TimeStamp   CPU %user %nice %system %iowait %steal %idle
bigdata-proj-m 1547542445   all 36.36 0.00 5.05 0.51 0.00 58.08
bigdata-proj-m 1547542445   0 42.86 0.00 4.08 0.00 0.00 53.06
bigdata-proj-m 1547542445   1 50.00 0.00 4.00 1.00 0.00 45.00
bigdata-proj-m 1547542445   2 17.00 0.00 8.00 1.00 0.00 74.00
bigdata-proj-m 1547542445   3 37.11 0.00 1.03 1.03 0.00 60.82
HostName TimeStamp   CPU %user %nice %system %iowait %steal %idle
bigdata-proj-m 1547542446   all 28.02 0.00 4.63 0.51 0.00 66.84
bigdata-proj-m 1547542446   0 57.00 0.00 4.00 0.00 0.00 39.00
bigdata-proj-m 1547542446   1 19.15 0.00 5.32 0.00 0.00 75.53
bigdata-proj-m 1547542446   2 18.18 0.00 6.06 0.00 0.00 75.76
bigdata-proj-m 1547542446   3 16.84 0.00 5.26 0.00 0.00 77.89
HostName TimeStamp   CPU %user %nice %system %iowait %steal %idle
bigdata-proj-m 1547542447   all 11.34 0.00 2.77 0.76 0.00 85.14
bigdata-proj-m 1547542447   0 14.71 0.00 2.94 0.98 0.00 81.37
bigdata-proj-m 1547542447   1 9.18 0.00 2.04 1.02 0.00 87.76
bigdata-proj-m 1547542447   2 11.46 0.00 2.08 0.00 0.00 86.46
bigdata-proj-m 1547542447   3 10.10 0.00 3.03 1.01 0.00 85.86
HostName TimeStamp   CPU %user %nice %system %iowait %steal %idle
bigdata-proj-m 1547542448   all 8.93 0.00 4.08 0.77 0.00 86.22
bigdata-proj-m 1547542448   0 9.18 0.00 4.08 0.00 0.00 86.73
bigdata-proj-m 1547542448   1 6.25 0.00 3.12 1.04 0.00 89.58
bigdata-proj-m 1547542448   2 11.22 0.00 6.12 1.02 0.00 81.63
bigdata-proj-m 1547542448   3 8.16 0.00 3.06 1.02 0.00 87.76
HostName TimeStamp   CPU %user %nice %system %iowait %steal %idle
bigdata-proj-m 1547542449   all 11.99 0.00 4.59 0.51 0.00 82.91
bigdata-proj-m 1547542449   0 14.14 0.00 3.03 1.01 0.00 81.82
bigdata-proj-m 1547542449   1 14.85 0.00 3.96 0.00 0.00 81.19
bigdata-proj-m 1547542449   2 9.18 0.00 6.12 1.02 0.00 83.67
bigdata-proj-m 1547542449   3 10.20 0.00 5.10 1.02 0.00 83.67
HostName TimeStamp   CPU %user %nice %system %iowait %steal %idle
bigdata-proj-m 1547542450   all 12.85 0.00 6.05 1.01 0.00 80.10
bigdata-proj-m 1547542450   0 13.73 0.00 4.90 0.00 0.00 81.37
bigdata-proj-m 1547542450   1 10.00 0.00 6.00 1.00 0.00 83.00
bigdata-proj-m 1547542450   2 13.40 0.00 9.28 1.03 0.00 76.29
bigdata-proj-m 1547542450   3 14.29 0.00 5.10 1.02 0.00 79.59
HostName TimeStamp   CPU %user %nice %system %iowait %steal %idle
bigdata-proj-m 1547542451   all 40.51 0.00 8.61 0.25 0.00 50.63
bigdata-proj-m 1547542451   0 47.52 0.00 8.91 0.99 0.00 42.57
bigdata-proj-m 1547542451   1 52.08 0.00 4.17 1.04 0.00 42.71
bigdata-proj-m 1547542451   2 32.65 0.00 6.12 1.02 0.00 60.20
bigdata-proj-m 1547542451   3 30.00 0.00 14.00 0.00 0.00 56.00
HostName TimeStamp   CPU %user %nice %system %iowait %steal %idle
bigdata-proj-m 1547542452   all 1.52 0.00 1.52 0.00 0.00 96.96
bigdata-proj-m 1547542452   0 1.00 0.00 3.00 0.00 0.00 96.00
bigdata-proj-m 1547542452   1 0.00 0.00 2.00 0.00 0.00 98.00
bigdata-proj-m 1547542452   2 2.06 0.00 0.00 0.00 0.00 97.94
bigdata-proj-m 1547542452   3 2.04 0.00 1.02 0.00 0.00 96.94
HostName TimeStamp   CPU %user %nice %system %iowait %steal %idle
bigdata-proj-m 1547542453   all 13.10 0.00 5.79 0.25 0.00 80.86
bigdata-proj-m 1547542453   0 17.00 0.00 4.00 0.00 0.00 79.00
bigdata-proj-m 1547542453   1 11.00 0.00 12.00 0.00 0.00 77.00
bigdata-proj-m 1547542453   2 10.10 0.00 2.02 0.00 0.00 87.88
bigdata-proj-m 1547542453   3 15.00 0.00 6.00 0.00 0.00 79.00
