HostName TimeStamp   CPU %user %nice %system %iowait %steal %idle
bigdata-proj-m 1547550038   all 33.75 0.00 7.30 0.00 0.00 58.94
bigdata-proj-m 1547550038   0 34.65 0.00 9.90 0.00 0.00 55.45
bigdata-proj-m 1547550038   1 59.00 0.00 12.00 0.00 0.00 29.00
bigdata-proj-m 1547550038   2 20.83 0.00 2.08 0.00 0.00 77.08
bigdata-proj-m 1547550038   3 20.00 0.00 5.00 0.00 0.00 75.00
HostName TimeStamp   CPU %user %nice %system %iowait %steal %idle
bigdata-proj-m 1547550039   all 54.66 0.00 2.52 0.00 0.00 42.82
bigdata-proj-m 1547550039   0 36.63 0.00 1.98 0.00 0.00 61.39
bigdata-proj-m 1547550039   1 57.58 0.00 3.03 0.00 0.00 39.39
bigdata-proj-m 1547550039   2 85.15 0.00 2.97 0.00 0.00 11.88
bigdata-proj-m 1547550039   3 39.58 0.00 2.08 0.00 0.00 58.33
HostName TimeStamp   CPU %user %nice %system %iowait %steal %idle
bigdata-proj-m 1547550040   all 52.63 0.00 4.26 0.00 0.00 43.11
bigdata-proj-m 1547550040   0 63.64 0.00 6.06 0.00 0.00 30.30
bigdata-proj-m 1547550040   1 43.43 0.00 2.02 0.00 0.00 54.55
bigdata-proj-m 1547550040   2 63.73 0.00 4.90 0.00 0.00 31.37
bigdata-proj-m 1547550040   3 38.78 0.00 3.06 0.00 0.00 58.16
HostName TimeStamp   CPU %user %nice %system %iowait %steal %idle
bigdata-proj-m 1547550041   all 55.16 0.00 4.53 0.00 0.00 40.30
bigdata-proj-m 1547550041   0 62.24 0.00 2.04 0.00 0.00 35.71
bigdata-proj-m 1547550041   1 49.00 0.00 4.00 0.00 0.00 47.00
bigdata-proj-m 1547550041   2 27.00 0.00 4.00 0.00 0.00 69.00
bigdata-proj-m 1547550041   3 82.18 0.00 8.91 0.00 0.00 8.91
HostName TimeStamp   CPU %user %nice %system %iowait %steal %idle
bigdata-proj-m 1547550042   all 40.94 0.00 1.99 0.00 0.00 57.07
bigdata-proj-m 1547550042   0 91.09 0.00 1.98 0.00 0.00 6.93
bigdata-proj-m 1547550042   1 24.24 0.00 0.00 0.00 0.00 75.76
bigdata-proj-m 1547550042   2 23.53 0.00 1.96 0.00 0.00 74.51
bigdata-proj-m 1547550042   3 24.75 0.00 2.97 0.00 0.00 72.28
HostName TimeStamp   CPU %user %nice %system %iowait %steal %idle
bigdata-proj-m 1547550043   all 48.11 0.00 6.30 0.00 0.00 45.59
bigdata-proj-m 1547550043   0 46.46 0.00 3.03 0.00 0.00 50.51
bigdata-proj-m 1547550043   1 39.00 0.00 9.00 0.00 0.00 52.00
bigdata-proj-m 1547550043   2 68.00 0.00 12.00 0.00 0.00 20.00
bigdata-proj-m 1547550043   3 38.78 0.00 2.04 0.00 0.00 59.18
HostName TimeStamp   CPU %user %nice %system %iowait %steal %idle
bigdata-proj-m 1547550044   all 15.25 0.00 4.25 0.25 0.00 80.25
bigdata-proj-m 1547550044   0 18.81 0.00 5.94 0.00 0.00 75.25
bigdata-proj-m 1547550044   1 14.29 0.00 2.04 0.00 0.00 83.67
bigdata-proj-m 1547550044   2 10.20 0.00 3.06 0.00 0.00 86.73
bigdata-proj-m 1547550044   3 18.00 0.00 4.00 0.00 0.00 78.00
HostName TimeStamp   CPU %user %nice %system %iowait %steal %idle
bigdata-proj-m 1547550045   all 0.76 0.00 0.76 0.00 0.00 98.48
bigdata-proj-m 1547550045   0 1.02 0.00 1.02 0.00 0.00 97.96
bigdata-proj-m 1547550045   1 1.00 0.00 1.00 0.00 0.00 98.00
bigdata-proj-m 1547550045   2 0.00 0.00 1.01 0.00 0.00 98.99
bigdata-proj-m 1547550045   3 0.00 0.00 2.02 0.00 0.00 97.98
HostName TimeStamp   CPU %user %nice %system %iowait %steal %idle
bigdata-proj-m 1547550046   all 1.25 0.00 1.50 0.00 0.00 97.24
bigdata-proj-m 1547550046   0 1.98 0.00 1.98 0.99 0.00 95.05
bigdata-proj-m 1547550046   1 1.00 0.00 2.00 0.00 0.00 97.00
bigdata-proj-m 1547550046   2 2.00 0.00 1.00 0.00 0.00 97.00
bigdata-proj-m 1547550046   3 1.02 0.00 0.00 0.00 0.00 98.98
HostName TimeStamp   CPU %user %nice %system %iowait %steal %idle
bigdata-proj-m 1547550047   all 0.51 0.00 0.51 0.00 0.00 98.98
bigdata-proj-m 1547550047   0 0.00 0.00 0.00 0.00 0.00 100.00
bigdata-proj-m 1547550047   1 0.00 0.00 0.00 0.00 0.00 100.00
bigdata-proj-m 1547550047   2 1.00 0.00 1.00 0.00 0.00 98.00
bigdata-proj-m 1547550047   3 1.01 0.00 2.02 0.00 0.00 96.97
HostName TimeStamp   CPU %user %nice %system %iowait %steal %idle
bigdata-proj-m 1547550048   all 0.25 0.00 1.26 0.00 0.00 98.49
bigdata-proj-m 1547550048   0 0.00 0.00 1.01 0.00 0.00 98.99
bigdata-proj-m 1547550048   1 1.00 0.00 1.00 0.00 0.00 98.00
bigdata-proj-m 1547550048   2 0.00 0.00 1.02 0.00 0.00 98.98
bigdata-proj-m 1547550048   3 0.00 0.00 1.01 0.00 0.00 98.99
HostName TimeStamp   CPU %user %nice %system %iowait %steal %idle
bigdata-proj-m 1547550049   all 2.01 0.00 2.76 0.00 0.00 95.24
bigdata-proj-m 1547550049   0 2.00 0.00 1.00 0.00 0.00 97.00
bigdata-proj-m 1547550049   1 1.00 0.00 2.00 0.00 0.00 97.00
bigdata-proj-m 1547550049   2 0.00 0.00 0.00 0.00 0.00 100.00
bigdata-proj-m 1547550049   3 5.00 0.00 8.00 0.00 0.00 87.00
HostName TimeStamp   CPU %user %nice %system %iowait %steal %idle
bigdata-proj-m 1547550050   all 1.26 0.00 2.02 0.00 0.00 96.73
bigdata-proj-m 1547550050   0 2.00 0.00 1.00 0.00 0.00 97.00
bigdata-proj-m 1547550050   1 1.03 0.00 3.09 0.00 0.00 95.88
bigdata-proj-m 1547550050   2 1.00 0.00 2.00 0.00 0.00 97.00
bigdata-proj-m 1547550050   3 0.00 0.00 2.00 0.00 0.00 98.00
HostName TimeStamp   CPU %user %nice %system %iowait %steal %idle
bigdata-proj-m 1547550051   all 0.25 0.00 1.27 0.00 0.00 98.48
bigdata-proj-m 1547550051   0 0.00 0.00 2.06 0.00 0.00 97.94
bigdata-proj-m 1547550051   1 0.00 0.00 1.01 0.00 0.00 98.99
bigdata-proj-m 1547550051   2 1.00 0.00 1.00 0.00 0.00 98.00
bigdata-proj-m 1547550051   3 1.01 0.00 0.00 0.00 0.00 98.99
HostName TimeStamp   CPU %user %nice %system %iowait %steal %idle
bigdata-proj-m 1547550052   all 0.76 0.00 0.76 0.00 0.00 98.48
bigdata-proj-m 1547550052   0 0.00 0.00 0.00 0.00 0.00 100.00
bigdata-proj-m 1547550052   1 2.02 0.00 0.00 0.00 0.00 97.98
bigdata-proj-m 1547550052   2 1.00 0.00 1.00 0.00 0.00 98.00
bigdata-proj-m 1547550052   3 0.00 0.00 2.02 0.00 0.00 97.98
HostName TimeStamp   CPU %user %nice %system %iowait %steal %idle
bigdata-proj-m 1547550053   all 0.76 0.00 1.01 0.25 0.00 97.98
bigdata-proj-m 1547550053   0 1.00 0.00 1.00 0.00 0.00 98.00
bigdata-proj-m 1547550053   1 0.00 0.00 1.02 0.00 0.00 98.98
bigdata-proj-m 1547550053   2 1.02 0.00 1.02 0.00 0.00 97.96
bigdata-proj-m 1547550053   3 1.00 0.00 2.00 0.00 0.00 97.00
HostName TimeStamp   CPU %user %nice %system %iowait %steal %idle
bigdata-proj-m 1547550054   all 0.76 0.00 0.76 0.00 0.00 98.48
bigdata-proj-m 1547550054   0 1.00 0.00 2.00 0.00 0.00 97.00
bigdata-proj-m 1547550054   1 1.01 0.00 1.01 0.00 0.00 97.98
bigdata-proj-m 1547550054   2 0.00 0.00 1.01 0.00 0.00 98.99
bigdata-proj-m 1547550054   3 0.00 0.00 0.00 0.00 0.00 100.00
HostName TimeStamp   CPU %user %nice %system %iowait %steal %idle
bigdata-proj-m 1547550055   all 1.77 0.00 2.53 0.00 0.00 95.70
bigdata-proj-m 1547550055   0 1.02 0.00 1.02 0.00 0.00 97.96
bigdata-proj-m 1547550055   1 5.05 0.00 7.07 0.00 0.00 87.88
bigdata-proj-m 1547550055   2 1.02 0.00 0.00 0.00 0.00 98.98
bigdata-proj-m 1547550055   3 0.00 0.00 2.00 0.00 0.00 98.00
HostName TimeStamp   CPU %user %nice %system %iowait %steal %idle
bigdata-proj-m 1547550056   all 1.76 0.00 2.26 0.00 0.00 95.98
bigdata-proj-m 1547550056   0 2.02 0.00 1.01 0.00 0.00 96.97
bigdata-proj-m 1547550056   1 1.00 0.00 2.00 0.00 0.00 97.00
bigdata-proj-m 1547550056   2 0.99 0.00 1.98 0.99 0.00 96.04
bigdata-proj-m 1547550056   3 3.00 0.00 4.00 0.00 0.00 93.00
HostName TimeStamp   CPU %user %nice %system %iowait %steal %idle
bigdata-proj-m 1547550057   all 19.70 0.00 2.53 0.00 0.00 77.78
bigdata-proj-m 1547550057   0 22.22 0.00 2.02 0.00 0.00 75.76
bigdata-proj-m 1547550057   1 8.33 0.00 3.12 0.00 0.00 88.54
bigdata-proj-m 1547550057   2 28.00 0.00 3.00 0.00 0.00 69.00
bigdata-proj-m 1547550057   3 20.00 0.00 1.00 0.00 0.00 79.00
HostName TimeStamp   CPU %user %nice %system %iowait %steal %idle
bigdata-proj-m 1547550058   all 50.25 0.00 4.29 0.00 0.00 45.45
bigdata-proj-m 1547550058   0 63.37 0.00 2.97 0.00 0.00 33.66
bigdata-proj-m 1547550058   1 58.59 0.00 5.05 0.00 0.00 36.36
bigdata-proj-m 1547550058   2 39.60 0.00 3.96 0.00 0.00 56.44
bigdata-proj-m 1547550058   3 39.18 0.00 6.19 0.00 0.00 54.64
HostName TimeStamp   CPU %user %nice %system %iowait %steal %idle
bigdata-proj-m 1547550059   all 26.82 0.00 2.51 0.00 0.00 70.68
bigdata-proj-m 1547550059   0 23.23 0.00 2.02 0.00 0.00 74.75
bigdata-proj-m 1547550059   1 26.80 0.00 2.06 0.00 0.00 71.13
bigdata-proj-m 1547550059   2 36.63 0.00 3.96 0.00 0.00 59.41
bigdata-proj-m 1547550059   3 20.00 0.00 1.00 0.00 0.00 79.00
HostName TimeStamp   CPU %user %nice %system %iowait %steal %idle
bigdata-proj-m 1547550060   all 2.28 0.00 0.51 0.00 0.00 97.21
bigdata-proj-m 1547550060   0 3.06 0.00 0.00 0.00 0.00 96.94
bigdata-proj-m 1547550060   1 2.04 0.00 1.02 0.00 0.00 96.94
bigdata-proj-m 1547550060   2 2.00 0.00 1.00 0.00 0.00 97.00
bigdata-proj-m 1547550060   3 2.04 0.00 1.02 0.00 0.00 96.94
HostName TimeStamp   CPU %user %nice %system %iowait %steal %idle
bigdata-proj-m 1547550061   all 9.95 0.00 3.98 0.25 0.00 85.82
bigdata-proj-m 1547550061   0 12.75 0.00 9.80 0.00 0.00 77.45
bigdata-proj-m 1547550061   1 9.80 0.00 1.96 0.00 0.00 88.24
bigdata-proj-m 1547550061   2 11.11 0.00 1.01 0.00 0.00 87.88
bigdata-proj-m 1547550061   3 7.07 0.00 2.02 0.00 0.00 90.91
HostName TimeStamp   CPU %user %nice %system %iowait %steal %idle
bigdata-proj-m 1547550062   all 2.27 0.00 1.26 0.00 0.00 96.46
bigdata-proj-m 1547550062   0 0.00 0.00 0.00 0.00 0.00 100.00
bigdata-proj-m 1547550062   1 5.00 0.00 3.00 0.00 0.00 92.00
bigdata-proj-m 1547550062   2 3.00 0.00 0.00 0.00 0.00 97.00
bigdata-proj-m 1547550062   3 0.99 0.00 2.97 0.00 0.00 96.04
HostName TimeStamp   CPU %user %nice %system %iowait %steal %idle
bigdata-proj-m 1547550063   all 7.34 0.00 1.52 0.25 0.00 90.89
bigdata-proj-m 1547550063   0 7.92 0.00 2.97 0.00 0.00 89.11
bigdata-proj-m 1547550063   1 6.12 0.00 1.02 1.02 0.00 91.84
bigdata-proj-m 1547550063   2 6.12 0.00 1.02 0.00 0.00 92.86
bigdata-proj-m 1547550063   3 8.25 0.00 1.03 0.00 0.00 90.72
HostName TimeStamp   CPU %user %nice %system %iowait %steal %idle
bigdata-proj-m 1547550064   all 1.52 0.00 1.26 0.00 0.00 97.22
bigdata-proj-m 1547550064   0 1.02 0.00 1.02 0.00 0.00 97.96
bigdata-proj-m 1547550064   1 2.00 0.00 2.00 0.00 0.00 96.00
bigdata-proj-m 1547550064   2 3.03 0.00 2.02 0.00 0.00 94.95
bigdata-proj-m 1547550064   3 1.01 0.00 0.00 0.00 0.00 98.99
HostName TimeStamp   CPU %user %nice %system %iowait %steal %idle
bigdata-proj-m 1547550065   all 2.78 0.00 1.01 0.00 0.00 96.21
bigdata-proj-m 1547550065   0 2.02 0.00 1.01 0.00 0.00 96.97
bigdata-proj-m 1547550065   1 4.08 0.00 0.00 0.00 0.00 95.92
bigdata-proj-m 1547550065   2 2.02 0.00 1.01 0.00 0.00 96.97
bigdata-proj-m 1547550065   3 4.00 0.00 1.00 0.00 0.00 95.00
HostName TimeStamp   CPU %user %nice %system %iowait %steal %idle
bigdata-proj-m 1547550066   all 7.81 0.00 1.26 0.00 0.00 90.93
bigdata-proj-m 1547550066   0 7.07 0.00 2.02 0.00 0.00 90.91
bigdata-proj-m 1547550066   1 8.16 0.00 2.04 0.00 0.00 89.80
bigdata-proj-m 1547550066   2 7.07 0.00 1.01 0.00 0.00 91.92
bigdata-proj-m 1547550066   3 7.14 0.00 0.00 0.00 0.00 92.86
HostName TimeStamp   CPU %user %nice %system %iowait %steal %idle
bigdata-proj-m 1547550067   all 2.02 0.00 2.78 0.00 0.00 95.20
bigdata-proj-m 1547550067   0 1.00 0.00 2.00 0.00 0.00 97.00
bigdata-proj-m 1547550067   1 1.01 0.00 0.00 0.00 0.00 98.99
bigdata-proj-m 1547550067   2 4.08 0.00 8.16 0.00 0.00 87.76
bigdata-proj-m 1547550067   3 2.00 0.00 2.00 0.00 0.00 96.00
HostName TimeStamp   CPU %user %nice %system %iowait %steal %idle
bigdata-proj-m 1547550068   all 2.26 0.00 2.76 0.00 0.00 94.97
bigdata-proj-m 1547550068   0 1.02 0.00 2.04 0.00 0.00 96.94
bigdata-proj-m 1547550068   1 2.94 0.00 2.94 0.00 0.00 94.12
bigdata-proj-m 1547550068   2 2.97 0.00 1.98 0.00 0.00 95.05
bigdata-proj-m 1547550068   3 3.03 0.00 5.05 0.00 0.00 91.92
HostName TimeStamp   CPU %user %nice %system %iowait %steal %idle
bigdata-proj-m 1547550069   all 32.32 0.00 2.54 0.00 0.00 65.14
bigdata-proj-m 1547550069   0 38.00 0.00 1.00 1.00 0.00 60.00
bigdata-proj-m 1547550069   1 39.18 0.00 1.03 0.00 0.00 59.79
bigdata-proj-m 1547550069   2 23.47 0.00 5.10 0.00 0.00 71.43
bigdata-proj-m 1547550069   3 28.57 0.00 2.04 0.00 0.00 69.39
HostName TimeStamp   CPU %user %nice %system %iowait %steal %idle
bigdata-proj-m 1547550070   all 48.24 0.00 4.02 0.00 0.00 47.74
bigdata-proj-m 1547550070   0 59.60 0.00 1.01 0.00 0.00 39.39
bigdata-proj-m 1547550070   1 43.56 0.00 2.97 0.00 0.00 53.47
bigdata-proj-m 1547550070   2 54.00 0.00 4.00 0.00 0.00 42.00
bigdata-proj-m 1547550070   3 35.35 0.00 8.08 0.00 0.00 56.57
HostName TimeStamp   CPU %user %nice %system %iowait %steal %idle
bigdata-proj-m 1547550071   all 50.13 0.00 11.28 0.25 0.00 38.35
bigdata-proj-m 1547550071   0 39.39 0.00 15.15 0.00 0.00 45.45
bigdata-proj-m 1547550071   1 59.41 0.00 10.89 0.00 0.00 29.70
bigdata-proj-m 1547550071   2 56.00 0.00 12.00 0.00 0.00 32.00
bigdata-proj-m 1547550071   3 46.46 0.00 7.07 1.01 0.00 45.45
HostName TimeStamp   CPU %user %nice %system %iowait %steal %idle
bigdata-proj-m 1547550072   all 53.94 0.00 2.54 0.25 0.00 43.26
bigdata-proj-m 1547550072   0 27.84 0.00 2.06 0.00 0.00 70.10
bigdata-proj-m 1547550072   1 63.27 0.00 3.06 1.02 0.00 32.65
bigdata-proj-m 1547550072   2 92.93 0.00 0.00 0.00 0.00 7.07
bigdata-proj-m 1547550072   3 29.90 0.00 5.15 0.00 0.00 64.95
HostName TimeStamp   CPU %user %nice %system %iowait %steal %idle
bigdata-proj-m 1547550073   all 49.75 0.00 4.23 0.25 0.00 45.77
bigdata-proj-m 1547550073   0 43.00 0.00 5.00 0.00 0.00 52.00
bigdata-proj-m 1547550073   1 47.52 0.00 2.97 0.00 0.00 49.50
bigdata-proj-m 1547550073   2 70.59 0.00 0.98 0.98 0.00 27.45
bigdata-proj-m 1547550073   3 39.00 0.00 6.00 0.00 0.00 55.00
HostName TimeStamp   CPU %user %nice %system %iowait %steal %idle
bigdata-proj-m 1547550074   all 37.28 0.00 3.78 0.25 0.00 58.69
bigdata-proj-m 1547550074   0 24.24 0.00 8.08 1.01 0.00 66.67
bigdata-proj-m 1547550074   1 39.22 0.00 3.92 0.00 0.00 56.86
bigdata-proj-m 1547550074   2 42.42 0.00 2.02 0.00 0.00 55.56
bigdata-proj-m 1547550074   3 41.41 0.00 4.04 0.00 0.00 54.55
HostName TimeStamp   CPU %user %nice %system %iowait %steal %idle
bigdata-proj-m 1547550075   all 45.00 0.00 5.50 0.25 0.00 49.25
bigdata-proj-m 1547550075   0 51.49 0.00 4.95 0.00 0.00 43.56
bigdata-proj-m 1547550075   1 50.98 0.00 7.84 0.00 0.00 41.18
bigdata-proj-m 1547550075   2 39.58 0.00 3.12 0.00 0.00 57.29
bigdata-proj-m 1547550075   3 37.37 0.00 5.05 1.01 0.00 56.57
HostName TimeStamp   CPU %user %nice %system %iowait %steal %idle
bigdata-proj-m 1547550076   all 28.35 0.00 3.29 0.25 0.00 68.10
bigdata-proj-m 1547550076   0 21.21 0.00 4.04 0.00 0.00 74.75
bigdata-proj-m 1547550076   1 25.00 0.00 1.04 1.04 0.00 72.92
bigdata-proj-m 1547550076   2 36.63 0.00 2.97 0.00 0.00 60.40
bigdata-proj-m 1547550076   3 31.37 0.00 4.90 0.00 0.00 63.73
HostName TimeStamp   CPU %user %nice %system %iowait %steal %idle
bigdata-proj-m 1547550077   all 23.75 0.00 2.25 0.50 0.00 73.50
bigdata-proj-m 1547550077   0 21.00 0.00 4.00 1.00 0.00 74.00
bigdata-proj-m 1547550077   1 27.00 0.00 1.00 0.00 0.00 72.00
bigdata-proj-m 1547550077   2 23.00 0.00 2.00 0.00 0.00 75.00
bigdata-proj-m 1547550077   3 24.49 0.00 2.04 0.00 0.00 73.47
HostName TimeStamp   CPU %user %nice %system %iowait %steal %idle
bigdata-proj-m 1547550078   all 27.48 0.00 2.97 0.50 0.00 69.06
bigdata-proj-m 1547550078   0 30.00 0.00 1.00 1.00 0.00 68.00
bigdata-proj-m 1547550078   1 25.25 0.00 4.04 0.00 0.00 70.71
bigdata-proj-m 1547550078   2 28.43 0.00 1.96 0.98 0.00 68.63
bigdata-proj-m 1547550078   3 25.49 0.00 3.92 0.98 0.00 69.61
HostName TimeStamp   CPU %user %nice %system %iowait %steal %idle
bigdata-proj-m 1547550079   all 25.94 0.00 3.53 0.25 0.00 70.28
bigdata-proj-m 1547550079   0 34.34 0.00 4.04 0.00 0.00 61.62
bigdata-proj-m 1547550079   1 26.26 0.00 6.06 1.01 0.00 66.67
bigdata-proj-m 1547550079   2 24.49 0.00 2.04 0.00 0.00 73.47
bigdata-proj-m 1547550079   3 18.00 0.00 2.00 0.00 0.00 80.00
HostName TimeStamp   CPU %user %nice %system %iowait %steal %idle
bigdata-proj-m 1547550080   all 20.00 0.00 7.00 0.25 0.00 72.75
bigdata-proj-m 1547550080   0 19.19 0.00 7.07 0.00 0.00 73.74
bigdata-proj-m 1547550080   1 20.59 0.00 4.90 0.00 0.00 74.51
bigdata-proj-m 1547550080   2 24.49 0.00 2.04 1.02 0.00 72.45
bigdata-proj-m 1547550080   3 17.65 0.00 12.75 0.00 0.00 69.61
HostName TimeStamp   CPU %user %nice %system %iowait %steal %idle
bigdata-proj-m 1547550081   all 39.03 0.00 6.38 0.51 0.00 54.08
bigdata-proj-m 1547550081   0 35.71 0.00 6.12 1.02 0.00 57.14
bigdata-proj-m 1547550081   1 39.81 0.00 8.74 0.97 0.00 50.49
bigdata-proj-m 1547550081   2 34.34 0.00 6.06 0.00 0.00 59.60
bigdata-proj-m 1547550081   3 45.26 0.00 6.32 1.05 0.00 47.37
HostName TimeStamp   CPU %user %nice %system %iowait %steal %idle
bigdata-proj-m 1547550082   all 29.44 0.00 2.03 0.51 0.00 68.02
bigdata-proj-m 1547550082   0 28.12 0.00 1.04 0.00 0.00 70.83
bigdata-proj-m 1547550082   1 26.80 0.00 2.06 0.00 0.00 71.13
bigdata-proj-m 1547550082   2 22.68 0.00 1.03 1.03 0.00 75.26
bigdata-proj-m 1547550082   3 41.00 0.00 1.00 0.00 0.00 58.00
HostName TimeStamp   CPU %user %nice %system %iowait %steal %idle
bigdata-proj-m 1547550083   all 17.41 0.00 3.48 0.75 0.00 78.36
bigdata-proj-m 1547550083   0 16.83 0.00 4.95 0.99 0.00 77.23
bigdata-proj-m 1547550083   1 14.14 0.00 5.05 1.01 0.00 79.80
bigdata-proj-m 1547550083   2 23.53 0.00 3.92 0.00 0.00 72.55
bigdata-proj-m 1547550083   3 13.86 0.00 2.97 0.99 0.00 82.18
HostName TimeStamp   CPU %user %nice %system %iowait %steal %idle
bigdata-proj-m 1547550084   all 23.56 0.00 3.01 0.50 0.00 72.93
bigdata-proj-m 1547550084   0 25.00 0.00 3.00 1.00 0.00 71.00
bigdata-proj-m 1547550084   1 33.00 0.00 4.00 0.00 0.00 63.00
bigdata-proj-m 1547550084   2 19.39 0.00 2.04 1.02 0.00 77.55
bigdata-proj-m 1547550084   3 16.83 0.00 1.98 0.99 0.00 80.20
HostName TimeStamp   CPU %user %nice %system %iowait %steal %idle
bigdata-proj-m 1547550085   all 31.06 0.00 5.05 0.76 0.00 63.13
bigdata-proj-m 1547550085   0 37.00 0.00 4.00 0.00 0.00 59.00
bigdata-proj-m 1547550085   1 26.26 0.00 8.08 1.01 0.00 64.65
bigdata-proj-m 1547550085   2 29.29 0.00 4.04 0.00 0.00 66.67
bigdata-proj-m 1547550085   3 31.63 0.00 5.10 0.00 0.00 63.27
HostName TimeStamp   CPU %user %nice %system %iowait %steal %idle
bigdata-proj-m 1547550086   all 18.58 0.00 4.83 0.51 0.00 76.08
bigdata-proj-m 1547550086   0 15.31 0.00 3.06 1.02 0.00 80.61
bigdata-proj-m 1547550086   1 20.20 0.00 5.05 0.00 0.00 74.75
bigdata-proj-m 1547550086   2 22.00 0.00 9.00 1.00 0.00 68.00
bigdata-proj-m 1547550086   3 16.49 0.00 2.06 1.03 0.00 80.41
HostName TimeStamp   CPU %user %nice %system %iowait %steal %idle
bigdata-proj-m 1547550087   all 24.81 0.00 3.97 0.25 0.00 70.97
bigdata-proj-m 1547550087   0 17.35 0.00 7.14 0.00 0.00 75.51
bigdata-proj-m 1547550087   1 42.16 0.00 2.94 0.98 0.00 53.92
bigdata-proj-m 1547550087   2 23.00 0.00 2.00 0.00 0.00 75.00
bigdata-proj-m 1547550087   3 16.83 0.00 1.98 0.00 0.00 81.19
HostName TimeStamp   CPU %user %nice %system %iowait %steal %idle
bigdata-proj-m 1547550088   all 15.86 0.00 3.84 0.77 0.00 79.54
bigdata-proj-m 1547550088   0 15.15 0.00 5.05 0.00 0.00 79.80
bigdata-proj-m 1547550088   1 14.43 0.00 5.15 0.00 0.00 80.41
bigdata-proj-m 1547550088   2 15.15 0.00 6.06 1.01 0.00 77.78
bigdata-proj-m 1547550088   3 17.71 0.00 2.08 1.04 0.00 79.17
HostName TimeStamp   CPU %user %nice %system %iowait %steal %idle
bigdata-proj-m 1547550089   all 20.61 0.00 3.31 0.25 0.00 75.83
bigdata-proj-m 1547550089   0 23.23 0.00 3.03 1.01 0.00 72.73
bigdata-proj-m 1547550089   1 20.62 0.00 1.03 1.03 0.00 77.32
bigdata-proj-m 1547550089   2 17.17 0.00 6.06 0.00 0.00 76.77
bigdata-proj-m 1547550089   3 22.22 0.00 2.02 0.00 0.00 75.76
HostName TimeStamp   CPU %user %nice %system %iowait %steal %idle
bigdata-proj-m 1547550090   all 11.39 0.00 5.82 0.76 0.00 82.03
bigdata-proj-m 1547550090   0 13.54 0.00 4.17 0.00 0.00 82.29
bigdata-proj-m 1547550090   1 11.76 0.00 8.82 0.98 0.00 78.43
bigdata-proj-m 1547550090   2 9.00 0.00 4.00 1.00 0.00 86.00
bigdata-proj-m 1547550090   3 11.22 0.00 6.12 1.02 0.00 81.63
HostName TimeStamp   CPU %user %nice %system %iowait %steal %idle
bigdata-proj-m 1547550091   all 15.40 0.00 6.57 0.25 0.00 77.78
bigdata-proj-m 1547550091   0 17.00 0.00 5.00 1.00 0.00 77.00
bigdata-proj-m 1547550091   1 11.58 0.00 6.32 0.00 0.00 82.11
bigdata-proj-m 1547550091   2 12.87 0.00 9.90 0.00 0.00 77.23
bigdata-proj-m 1547550091   3 19.19 0.00 6.06 0.00 0.00 74.75
HostName TimeStamp   CPU %user %nice %system %iowait %steal %idle
bigdata-proj-m 1547550092   all 24.94 0.00 9.00 0.51 0.00 65.55
bigdata-proj-m 1547550092   0 25.00 0.00 12.50 0.00 0.00 62.50
bigdata-proj-m 1547550092   1 17.35 0.00 12.24 0.00 0.00 70.41
bigdata-proj-m 1547550092   2 23.23 0.00 5.05 1.01 0.00 70.71
bigdata-proj-m 1547550092   3 35.42 0.00 4.17 1.04 0.00 59.38
HostName TimeStamp   CPU %user %nice %system %iowait %steal %idle
bigdata-proj-m 1547550093   all 31.74 0.00 3.78 0.50 0.00 63.98
bigdata-proj-m 1547550093   0 21.65 0.00 6.19 0.00 0.00 72.16
bigdata-proj-m 1547550093   1 26.80 0.00 2.06 1.03 0.00 70.10
bigdata-proj-m 1547550093   2 32.00 0.00 4.00 0.00 0.00 64.00
bigdata-proj-m 1547550093   3 45.54 0.00 2.97 0.00 0.00 51.49
HostName TimeStamp   CPU %user %nice %system %iowait %steal %idle
bigdata-proj-m 1547550094   all 49.37 0.00 3.27 0.50 0.00 46.85
bigdata-proj-m 1547550094   0 16.16 0.00 8.08 2.02 0.00 73.74
bigdata-proj-m 1547550094   1 27.00 0.00 3.00 1.00 0.00 69.00
bigdata-proj-m 1547550094   2 100.00 0.00 0.00 0.00 0.00 0.00
bigdata-proj-m 1547550094   3 53.00 0.00 2.00 1.00 0.00 44.00
HostName TimeStamp   CPU %user %nice %system %iowait %steal %idle
bigdata-proj-m 1547550095   all 22.61 0.00 3.52 0.75 0.00 73.12
bigdata-proj-m 1547550095   0 25.51 0.00 2.04 0.00 0.00 72.45
bigdata-proj-m 1547550095   1 20.20 0.00 6.06 0.00 0.00 73.74
bigdata-proj-m 1547550095   2 27.27 0.00 3.03 0.00 0.00 69.70
bigdata-proj-m 1547550095   3 18.00 0.00 3.00 1.00 0.00 78.00
HostName TimeStamp   CPU %user %nice %system %iowait %steal %idle
bigdata-proj-m 1547550096   all 24.56 0.00 3.29 0.51 0.00 71.65
bigdata-proj-m 1547550096   0 33.33 0.00 5.05 1.01 0.00 60.61
bigdata-proj-m 1547550096   1 15.00 0.00 5.00 1.00 0.00 79.00
bigdata-proj-m 1547550096   2 31.31 0.00 1.01 1.01 0.00 66.67
bigdata-proj-m 1547550096   3 19.19 0.00 3.03 0.00 0.00 77.78
HostName TimeStamp   CPU %user %nice %system %iowait %steal %idle
bigdata-proj-m 1547550097   all 20.10 0.00 3.97 0.74 0.00 75.19
bigdata-proj-m 1547550097   0 31.07 0.00 3.88 0.97 0.00 64.08
bigdata-proj-m 1547550097   1 14.71 0.00 7.84 0.00 0.00 77.45
bigdata-proj-m 1547550097   2 17.82 0.00 3.96 0.99 0.00 77.23
bigdata-proj-m 1547550097   3 16.33 0.00 1.02 1.02 0.00 81.63
HostName TimeStamp   CPU %user %nice %system %iowait %steal %idle
bigdata-proj-m 1547550098   all 17.74 0.00 5.14 0.51 0.00 76.61
bigdata-proj-m 1547550098   0 14.58 0.00 10.42 0.00 0.00 75.00
bigdata-proj-m 1547550098   1 15.46 0.00 5.15 1.03 0.00 78.35
bigdata-proj-m 1547550098   2 15.31 0.00 3.06 0.00 0.00 81.63
bigdata-proj-m 1547550098   3 25.00 0.00 0.00 1.04 0.00 73.96
HostName TimeStamp   CPU %user %nice %system %iowait %steal %idle
bigdata-proj-m 1547550099   all 10.20 0.00 3.73 0.50 0.00 85.57
bigdata-proj-m 1547550099   0 9.90 0.00 2.97 0.99 0.00 86.14
bigdata-proj-m 1547550099   1 9.00 0.00 7.00 0.00 0.00 84.00
bigdata-proj-m 1547550099   2 12.87 0.00 1.98 0.99 0.00 84.16
bigdata-proj-m 1547550099   3 9.90 0.00 2.97 0.00 0.00 87.13
HostName TimeStamp   CPU %user %nice %system %iowait %steal %idle
bigdata-proj-m 1547550100   all 9.67 0.00 2.54 0.76 0.00 87.02
bigdata-proj-m 1547550100   0 10.20 0.00 3.06 1.02 0.00 85.71
bigdata-proj-m 1547550100   1 9.00 0.00 4.00 0.00 0.00 87.00
bigdata-proj-m 1547550100   2 8.25 0.00 3.09 1.03 0.00 87.63
bigdata-proj-m 1547550100   3 11.11 0.00 1.01 1.01 0.00 86.87
HostName TimeStamp   CPU %user %nice %system %iowait %steal %idle
bigdata-proj-m 1547550101   all 10.74 0.00 3.58 0.77 0.00 84.91
bigdata-proj-m 1547550101   0 11.34 0.00 3.09 0.00 0.00 85.57
bigdata-proj-m 1547550101   1 7.29 0.00 4.17 1.04 0.00 87.50
bigdata-proj-m 1547550101   2 11.00 0.00 5.00 1.00 0.00 83.00
bigdata-proj-m 1547550101   3 14.00 0.00 3.00 0.00 0.00 83.00
HostName TimeStamp   CPU %user %nice %system %iowait %steal %idle
bigdata-proj-m 1547550102   all 13.42 0.00 3.80 0.76 0.00 82.03
bigdata-proj-m 1547550102   0 10.31 0.00 2.06 1.03 0.00 86.60
bigdata-proj-m 1547550102   1 13.00 0.00 5.00 1.00 0.00 81.00
bigdata-proj-m 1547550102   2 19.19 0.00 5.05 1.01 0.00 74.75
bigdata-proj-m 1547550102   3 10.20 0.00 3.06 1.02 0.00 85.71
HostName TimeStamp   CPU %user %nice %system %iowait %steal %idle
bigdata-proj-m 1547550103   all 14.39 0.00 2.27 0.51 0.00 82.83
bigdata-proj-m 1547550103   0 11.76 0.00 3.92 0.98 0.00 83.33
bigdata-proj-m 1547550103   1 24.21 0.00 1.05 0.00 0.00 74.74
bigdata-proj-m 1547550103   2 11.11 0.00 1.01 1.01 0.00 86.87
bigdata-proj-m 1547550103   3 11.00 0.00 2.00 1.00 0.00 86.00
HostName TimeStamp   CPU %user %nice %system %iowait %steal %idle
bigdata-proj-m 1547550104   all 21.46 0.00 7.32 0.51 0.00 70.71
bigdata-proj-m 1547550104   0 15.46 0.00 6.19 0.00 0.00 78.35
bigdata-proj-m 1547550104   1 26.53 0.00 8.16 0.00 0.00 65.31
bigdata-proj-m 1547550104   2 35.00 0.00 5.00 0.00 0.00 60.00
bigdata-proj-m 1547550104   3 10.10 0.00 9.09 0.00 0.00 80.81
HostName TimeStamp   CPU %user %nice %system %iowait %steal %idle
bigdata-proj-m 1547550105   all 21.04 0.00 9.41 0.74 0.00 68.81
bigdata-proj-m 1547550105   0 20.39 0.00 8.74 0.97 0.00 69.90
bigdata-proj-m 1547550105   1 19.39 0.00 12.24 1.02 0.00 67.35
bigdata-proj-m 1547550105   2 18.81 0.00 7.92 0.99 0.00 72.28
bigdata-proj-m 1547550105   3 23.53 0.00 9.80 0.98 0.00 65.69
HostName TimeStamp   CPU %user %nice %system %iowait %steal %idle
bigdata-proj-m 1547550106   all 9.52 0.00 4.26 0.50 0.00 85.71
bigdata-proj-m 1547550106   0 7.22 0.00 3.09 0.00 0.00 89.69
bigdata-proj-m 1547550106   1 12.87 0.00 3.96 0.00 0.00 83.17
bigdata-proj-m 1547550106   2 10.00 0.00 2.00 0.00 0.00 88.00
bigdata-proj-m 1547550106   3 8.91 0.00 8.91 0.99 0.00 81.19
HostName TimeStamp   CPU %user %nice %system %iowait %steal %idle
bigdata-proj-m 1547550107   all 13.10 0.00 3.78 0.50 0.00 82.62
bigdata-proj-m 1547550107   0 13.00 0.00 4.00 1.00 0.00 82.00
bigdata-proj-m 1547550107   1 11.46 0.00 3.12 1.04 0.00 84.38
bigdata-proj-m 1547550107   2 16.00 0.00 2.00 1.00 0.00 81.00
bigdata-proj-m 1547550107   3 12.00 0.00 4.00 0.00 0.00 84.00
HostName TimeStamp   CPU %user %nice %system %iowait %steal %idle
bigdata-proj-m 1547550108   all 11.96 0.00 3.56 0.51 0.00 83.97
bigdata-proj-m 1547550108   0 11.11 0.00 4.04 0.00 0.00 84.85
bigdata-proj-m 1547550108   1 12.12 0.00 5.05 0.00 0.00 82.83
bigdata-proj-m 1547550108   2 11.34 0.00 3.09 1.03 0.00 84.54
bigdata-proj-m 1547550108   3 13.00 0.00 3.00 1.00 0.00 83.00
HostName TimeStamp   CPU %user %nice %system %iowait %steal %idle
bigdata-proj-m 1547550109   all 13.43 0.00 2.74 1.00 0.00 82.84
bigdata-proj-m 1547550109   0 17.65 0.00 1.96 0.98 0.00 79.41
bigdata-proj-m 1547550109   1 14.29 0.00 3.06 1.02 0.00 81.63
bigdata-proj-m 1547550109   2 7.14 0.00 4.08 1.02 0.00 87.76
bigdata-proj-m 1547550109   3 14.42 0.00 1.92 0.96 0.00 82.69
HostName TimeStamp   CPU %user %nice %system %iowait %steal %idle
bigdata-proj-m 1547550110   all 13.82 0.00 3.77 0.50 0.00 81.91
bigdata-proj-m 1547550110   0 13.00 0.00 3.00 0.00 0.00 84.00
bigdata-proj-m 1547550110   1 12.24 0.00 4.08 1.02 0.00 82.65
bigdata-proj-m 1547550110   2 14.14 0.00 3.03 1.01 0.00 81.82
bigdata-proj-m 1547550110   3 16.00 0.00 4.00 0.00 0.00 80.00
HostName TimeStamp   CPU %user %nice %system %iowait %steal %idle
bigdata-proj-m 1547550111   all 16.58 0.00 5.45 0.74 0.00 77.23
bigdata-proj-m 1547550111   0 12.87 0.00 3.96 0.99 0.00 82.18
bigdata-proj-m 1547550111   1 15.84 0.00 10.89 0.00 0.00 73.27
bigdata-proj-m 1547550111   2 22.00 0.00 3.00 0.00 0.00 75.00
bigdata-proj-m 1547550111   3 15.84 0.00 3.96 0.99 0.00 79.21
HostName TimeStamp   CPU %user %nice %system %iowait %steal %idle
bigdata-proj-m 1547550112   all 8.48 0.00 3.60 0.26 0.00 87.66
bigdata-proj-m 1547550112   0 9.18 0.00 3.06 0.00 0.00 87.76
bigdata-proj-m 1547550112   1 8.08 0.00 3.03 1.01 0.00 87.88
bigdata-proj-m 1547550112   2 13.13 0.00 7.07 0.00 0.00 79.80
bigdata-proj-m 1547550112   3 3.19 0.00 2.13 0.00 0.00 94.68
HostName TimeStamp   CPU %user %nice %system %iowait %steal %idle
bigdata-proj-m 1547550113   all 20.87 0.00 5.85 0.76 0.00 72.52
bigdata-proj-m 1547550113   0 18.75 0.00 3.12 0.00 0.00 78.12
bigdata-proj-m 1547550113   1 24.74 0.00 6.19 0.00 0.00 69.07
bigdata-proj-m 1547550113   2 21.78 0.00 6.93 1.98 0.00 69.31
bigdata-proj-m 1547550113   3 18.00 0.00 8.00 1.00 0.00 73.00
HostName TimeStamp   CPU %user %nice %system %iowait %steal %idle
bigdata-proj-m 1547550114   all 11.84 0.00 3.53 0.50 0.00 84.13
bigdata-proj-m 1547550114   0 8.08 0.00 4.04 1.01 0.00 86.87
bigdata-proj-m 1547550114   1 13.00 0.00 5.00 1.00 0.00 81.00
bigdata-proj-m 1547550114   2 13.27 0.00 2.04 0.00 0.00 84.69
bigdata-proj-m 1547550114   3 13.00 0.00 3.00 1.00 0.00 83.00
HostName TimeStamp   CPU %user %nice %system %iowait %steal %idle
bigdata-proj-m 1547550115   all 20.10 0.00 3.31 0.51 0.00 76.08
bigdata-proj-m 1547550115   0 41.41 0.00 2.02 0.00 0.00 56.57
bigdata-proj-m 1547550115   1 11.34 0.00 5.15 1.03 0.00 82.47
bigdata-proj-m 1547550115   2 12.24 0.00 3.06 1.02 0.00 83.67
bigdata-proj-m 1547550115   3 14.85 0.00 3.96 0.00 0.00 81.19
HostName TimeStamp   CPU %user %nice %system %iowait %steal %idle
bigdata-proj-m 1547550116   all 10.53 0.00 4.01 0.75 0.00 84.71
bigdata-proj-m 1547550116   0 11.22 0.00 4.08 1.02 0.00 83.67
bigdata-proj-m 1547550116   1 10.10 0.00 4.04 0.00 0.00 85.86
bigdata-proj-m 1547550116   2 13.00 0.00 3.00 0.00 0.00 84.00
bigdata-proj-m 1547550116   3 7.14 0.00 4.08 1.02 0.00 87.76
HostName TimeStamp   CPU %user %nice %system %iowait %steal %idle
bigdata-proj-m 1547550117   all 9.62 0.00 5.06 0.76 0.00 84.56
bigdata-proj-m 1547550117   0 6.19 0.00 3.09 1.03 0.00 89.69
bigdata-proj-m 1547550117   1 10.20 0.00 2.04 1.02 0.00 86.73
bigdata-proj-m 1547550117   2 9.00 0.00 4.00 1.00 0.00 86.00
bigdata-proj-m 1547550117   3 13.00 0.00 10.00 1.00 0.00 76.00
HostName TimeStamp   CPU %user %nice %system %iowait %steal %idle
bigdata-proj-m 1547550118   all 12.69 0.00 3.37 1.04 0.00 82.90
bigdata-proj-m 1547550118   0 9.28 0.00 2.06 1.03 0.00 87.63
bigdata-proj-m 1547550118   1 21.05 0.00 3.16 0.00 0.00 75.79
bigdata-proj-m 1547550118   2 8.33 0.00 7.29 1.04 0.00 83.33
bigdata-proj-m 1547550118   3 13.27 0.00 1.02 0.00 0.00 85.71
HostName TimeStamp   CPU %user %nice %system %iowait %steal %idle
bigdata-proj-m 1547550119   all 40.21 0.00 2.58 0.00 0.00 57.22
bigdata-proj-m 1547550119   0 31.63 0.00 3.06 1.02 0.00 64.29
bigdata-proj-m 1547550119   1 21.43 0.00 4.08 1.02 0.00 73.47
bigdata-proj-m 1547550119   2 57.89 0.00 2.11 0.00 0.00 40.00
bigdata-proj-m 1547550119   3 50.00 0.00 1.02 0.00 0.00 48.98
HostName TimeStamp   CPU %user %nice %system %iowait %steal %idle
bigdata-proj-m 1547550120   all 16.84 0.00 6.38 0.77 0.00 76.02
bigdata-proj-m 1547550120   0 23.00 0.00 3.00 0.00 0.00 74.00
bigdata-proj-m 1547550120   1 12.37 0.00 9.28 0.00 0.00 78.35
bigdata-proj-m 1547550120   2 17.71 0.00 5.21 1.04 0.00 76.04
bigdata-proj-m 1547550120   3 14.00 0.00 8.00 2.00 0.00 76.00
HostName TimeStamp   CPU %user %nice %system %iowait %steal %idle
bigdata-proj-m 1547550121   all 11.36 0.00 3.28 0.76 0.00 84.60
bigdata-proj-m 1547550121   0 10.00 0.00 2.00 1.00 0.00 87.00
bigdata-proj-m 1547550121   1 11.11 0.00 5.05 1.01 0.00 82.83
bigdata-proj-m 1547550121   2 11.22 0.00 4.08 0.00 0.00 84.69
bigdata-proj-m 1547550121   3 12.24 0.00 3.06 0.00 0.00 84.69
HostName TimeStamp   CPU %user %nice %system %iowait %steal %idle
bigdata-proj-m 1547550122   all 11.56 0.00 3.27 0.50 0.00 84.67
bigdata-proj-m 1547550122   0 11.46 0.00 1.04 0.00 0.00 87.50
bigdata-proj-m 1547550122   1 13.73 0.00 4.90 0.98 0.00 80.39
bigdata-proj-m 1547550122   2 13.00 0.00 2.00 1.00 0.00 84.00
bigdata-proj-m 1547550122   3 8.16 0.00 3.06 1.02 0.00 87.76
HostName TimeStamp   CPU %user %nice %system %iowait %steal %idle
bigdata-proj-m 1547550123   all 15.83 0.00 5.53 0.75 0.00 77.89
bigdata-proj-m 1547550123   0 22.00 0.00 4.00 1.00 0.00 73.00
bigdata-proj-m 1547550123   1 11.88 0.00 5.94 0.99 0.00 81.19
bigdata-proj-m 1547550123   2 14.29 0.00 3.06 1.02 0.00 81.63
bigdata-proj-m 1547550123   3 15.84 0.00 9.90 0.00 0.00 74.26
HostName TimeStamp   CPU %user %nice %system %iowait %steal %idle
bigdata-proj-m 1547550124   all 13.38 0.00 4.04 0.76 0.00 81.82
bigdata-proj-m 1547550124   0 10.00 0.00 3.00 1.00 0.00 86.00
bigdata-proj-m 1547550124   1 10.31 0.00 6.19 1.03 0.00 82.47
bigdata-proj-m 1547550124   2 23.30 0.00 4.85 0.00 0.00 71.84
bigdata-proj-m 1547550124   3 9.28 0.00 3.09 1.03 0.00 86.60
HostName TimeStamp   CPU %user %nice %system %iowait %steal %idle
bigdata-proj-m 1547550125   all 9.60 0.00 3.79 0.51 0.00 86.11
bigdata-proj-m 1547550125   0 10.89 0.00 4.95 0.00 0.00 84.16
bigdata-proj-m 1547550125   1 10.20 0.00 3.06 0.00 0.00 86.73
bigdata-proj-m 1547550125   2 8.25 0.00 2.06 1.03 0.00 88.66
bigdata-proj-m 1547550125   3 9.18 0.00 3.06 1.02 0.00 86.73
HostName TimeStamp   CPU %user %nice %system %iowait %steal %idle
bigdata-proj-m 1547550126   all 24.19 0.00 3.49 0.75 0.00 71.57
bigdata-proj-m 1547550126   0 14.56 0.00 3.88 0.97 0.00 80.58
bigdata-proj-m 1547550126   1 11.88 0.00 4.95 0.99 0.00 82.18
bigdata-proj-m 1547550126   2 15.69 0.00 4.90 0.98 0.00 78.43
bigdata-proj-m 1547550126   3 54.64 0.00 1.03 0.00 0.00 44.33
HostName TimeStamp   CPU %user %nice %system %iowait %steal %idle
bigdata-proj-m 1547550127   all 20.57 0.00 5.91 0.51 0.00 73.01
bigdata-proj-m 1547550127   0 15.62 0.00 6.25 1.04 0.00 77.08
bigdata-proj-m 1547550127   1 32.29 0.00 7.29 0.00 0.00 60.42
bigdata-proj-m 1547550127   2 17.71 0.00 5.21 0.00 0.00 77.08
bigdata-proj-m 1547550127   3 17.17 0.00 5.05 1.01 0.00 76.77
HostName TimeStamp   CPU %user %nice %system %iowait %steal %idle
bigdata-proj-m 1547550128   all 16.97 0.00 3.34 0.51 0.00 79.18
bigdata-proj-m 1547550128   0 11.34 0.00 4.12 0.00 0.00 84.54
bigdata-proj-m 1547550128   1 18.56 0.00 3.09 0.00 0.00 78.35
bigdata-proj-m 1547550128   2 21.88 0.00 3.12 0.00 0.00 75.00
bigdata-proj-m 1547550128   3 17.00 0.00 3.00 1.00 0.00 79.00
HostName TimeStamp   CPU %user %nice %system %iowait %steal %idle
bigdata-proj-m 1547550129   all 13.68 0.00 6.47 0.75 0.00 79.10
bigdata-proj-m 1547550129   0 14.00 0.00 4.00 1.00 0.00 81.00
bigdata-proj-m 1547550129   1 11.22 0.00 11.22 1.02 0.00 76.53
bigdata-proj-m 1547550129   2 19.80 0.00 4.95 0.00 0.00 75.25
bigdata-proj-m 1547550129   3 9.00 0.00 5.00 1.00 0.00 85.00
HostName TimeStamp   CPU %user %nice %system %iowait %steal %idle
bigdata-proj-m 1547550130   all 12.85 0.00 4.03 0.76 0.00 82.37
bigdata-proj-m 1547550130   0 10.20 0.00 9.18 0.00 0.00 80.61
bigdata-proj-m 1547550130   1 14.71 0.00 4.90 0.98 0.00 79.41
bigdata-proj-m 1547550130   2 13.86 0.00 2.97 0.99 0.00 82.18
bigdata-proj-m 1547550130   3 13.00 0.00 1.00 1.00 0.00 85.00
HostName TimeStamp   CPU %user %nice %system %iowait %steal %idle
bigdata-proj-m 1547550131   all 9.87 0.00 3.29 0.76 0.00 86.08
bigdata-proj-m 1547550131   0 8.91 0.00 3.96 0.99 0.00 86.14
bigdata-proj-m 1547550131   1 9.47 0.00 2.11 1.05 0.00 87.37
bigdata-proj-m 1547550131   2 12.87 0.00 2.97 0.99 0.00 83.17
bigdata-proj-m 1547550131   3 9.09 0.00 3.03 1.01 0.00 86.87
HostName TimeStamp   CPU %user %nice %system %iowait %steal %idle
bigdata-proj-m 1547550132   all 36.87 0.00 5.81 0.51 0.00 56.82
bigdata-proj-m 1547550132   0 47.42 0.00 3.09 0.00 0.00 49.48
bigdata-proj-m 1547550132   1 24.74 0.00 9.28 1.03 0.00 64.95
bigdata-proj-m 1547550132   2 34.34 0.00 4.04 0.00 0.00 61.62
bigdata-proj-m 1547550132   3 41.41 0.00 5.05 0.00 0.00 53.54
HostName TimeStamp   CPU %user %nice %system %iowait %steal %idle
bigdata-proj-m 1547550133   all 13.55 0.00 3.58 0.77 0.00 82.10
bigdata-proj-m 1547550133   0 22.45 0.00 1.02 1.02 0.00 75.51
bigdata-proj-m 1547550133   1 9.00 0.00 6.00 1.00 0.00 84.00
bigdata-proj-m 1547550133   2 13.40 0.00 6.19 0.00 0.00 80.41
bigdata-proj-m 1547550133   3 9.09 0.00 3.03 2.02 0.00 85.86
HostName TimeStamp   CPU %user %nice %system %iowait %steal %idle
bigdata-proj-m 1547550134   all 10.91 0.00 3.30 0.76 0.00 85.03
bigdata-proj-m 1547550134   0 11.11 0.00 3.03 0.00 0.00 85.86
bigdata-proj-m 1547550134   1 8.33 0.00 4.17 1.04 0.00 86.46
bigdata-proj-m 1547550134   2 14.00 0.00 2.00 2.00 0.00 82.00
bigdata-proj-m 1547550134   3 11.11 0.00 3.03 0.00 0.00 85.86
HostName TimeStamp   CPU %user %nice %system %iowait %steal %idle
bigdata-proj-m 1547550135   all 23.00 0.00 6.00 0.50 0.00 70.50
bigdata-proj-m 1547550135   0 22.00 0.00 10.00 1.00 0.00 67.00
bigdata-proj-m 1547550135   1 44.44 0.00 4.04 0.00 0.00 51.52
bigdata-proj-m 1547550135   2 12.87 0.00 7.92 0.00 0.00 79.21
bigdata-proj-m 1547550135   3 12.00 0.00 4.00 1.00 0.00 83.00
HostName TimeStamp   CPU %user %nice %system %iowait %steal %idle
bigdata-proj-m 1547550136   all 22.17 0.00 5.42 0.49 0.00 71.92
bigdata-proj-m 1547550136   0 29.00 0.00 4.00 0.00 0.00 67.00
bigdata-proj-m 1547550136   1 26.47 0.00 5.88 0.98 0.00 66.67
bigdata-proj-m 1547550136   2 19.39 0.00 6.12 0.00 0.00 74.49
bigdata-proj-m 1547550136   3 14.00 0.00 3.00 0.00 0.00 83.00
HostName TimeStamp   CPU %user %nice %system %iowait %steal %idle
bigdata-proj-m 1547550137   all 30.94 0.00 3.96 0.74 0.00 64.36
bigdata-proj-m 1547550137   0 14.00 0.00 3.00 1.00 0.00 82.00
bigdata-proj-m 1547550137   1 79.41 0.00 0.98 0.00 0.00 19.61
bigdata-proj-m 1547550137   2 17.14 0.00 4.76 1.90 0.00 76.19
bigdata-proj-m 1547550137   3 12.75 0.00 7.84 0.98 0.00 78.43
HostName TimeStamp   CPU %user %nice %system %iowait %steal %idle
bigdata-proj-m 1547550138   all 21.43 0.00 5.61 0.77 0.00 72.19
bigdata-proj-m 1547550138   0 19.00 0.00 7.00 1.00 0.00 73.00
bigdata-proj-m 1547550138   1 20.21 0.00 6.38 1.06 0.00 72.34
bigdata-proj-m 1547550138   2 23.23 0.00 6.06 0.00 0.00 70.71
bigdata-proj-m 1547550138   3 23.23 0.00 3.03 1.01 0.00 72.73
HostName TimeStamp   CPU %user %nice %system %iowait %steal %idle
bigdata-proj-m 1547550139   all 4.04 0.00 2.02 0.00 0.00 93.94
bigdata-proj-m 1547550139   0 3.03 0.00 1.01 0.00 0.00 95.96
bigdata-proj-m 1547550139   1 9.09 0.00 2.02 0.00 0.00 88.89
bigdata-proj-m 1547550139   2 2.02 0.00 2.02 0.00 0.00 95.96
bigdata-proj-m 1547550139   3 2.04 0.00 2.04 0.00 0.00 95.92
HostName TimeStamp   CPU %user %nice %system %iowait %steal %idle
bigdata-proj-m 1547550140   all 12.69 0.00 3.23 0.25 0.00 83.83
bigdata-proj-m 1547550140   0 23.76 0.00 1.98 0.00 0.00 74.26
bigdata-proj-m 1547550140   1 7.84 0.00 4.90 0.00 0.00 87.25
bigdata-proj-m 1547550140   2 8.00 0.00 3.00 1.00 0.00 88.00
bigdata-proj-m 1547550140   3 11.11 0.00 4.04 0.00 0.00 84.85
